[1, 6]
[1, 8]
[1, 9]
[1, 12]
[1, 14]
[1, 15]
[1, 40]
[1, 51]
[1, 53]
[3, 6]
[3, 8]
[3, 9]
[3, 12]
[3, 14]
[3, 15]
[3, 40]
[3, 51]
[3, 53]
[4, 6]
[4, 8]
[4, 9]
[4, 12]
[4, 14]
[4, 15]
[4, 40]
[4, 51]
[4, 53]
[6, 12]
[6, 14]
[6, 15]
[6, 40]
[6, 51]
[6, 53]
[8, 10]
[8, 12]
[8, 14]
[8, 15]
[8, 51]
[8, 53]
[9, 10]
[9, 12]
[9, 14]
[9, 15]
[9, 51]
[9, 53]
[12, 40]
[12, 51]
[12, 53]
[14, 16]
[14, 51]
[14, 53]
[15, 16]
[15, 51]
[15, 53]
[18, 24]
[18, 25]
[18, 26]
[18, 27]
[19, 24]
[19, 25]
[19, 26]
[19, 27]
[20, 24]
[20, 25]
[20, 26]
[20, 27]
[21, 71]
[21, 73]
[23, 97]
[23, 99]
[23, 100]
[23, 101]
[23, 103]
[23, 104]
[24, 93]
[24, 97]
[24, 99]
[24, 100]
[24, 101]
[24, 103]
[24, 104]
[25, 93]
[25, 97]
[25, 99]
[25, 100]
[25, 101]
[25, 103]
[25, 104]
[26, 93]
[26, 97]
[26, 99]
[26, 100]
[26, 101]
[26, 103]
[26, 104]
[27, 93]
[27, 97]
[27, 99]
[27, 100]
[27, 101]
[27, 103]
[27, 104]
[28, 93]
[28, 97]
[28, 99]
[28, 100]
[28, 101]
[28, 103]
[28, 104]
[29, 35]
[29, 37]
[29, 38]
[30, 35]
[30, 37]
[30, 38]
[31, 35]
[31, 36]
[31, 37]
[31, 38]
[32, 60]
[32, 64]
[35, 108]
[35, 112]
[35, 114]
[35, 115]
[35, 116]
[35, 118]
[35, 119]
[37, 108]
[37, 112]
[37, 114]
[37, 115]
[37, 116]
[37, 118]
[37, 119]
[38, 108]
[38, 112]
[38, 114]
[38, 115]
[38, 116]
[38, 118]
[38, 119]
[39, 108]
[39, 112]
[39, 114]
[39, 115]
[39, 116]
[39, 118]
[39, 119]
[40, 48]
[40, 49]
[41, 48]
[41, 49]
[42, 48]
[42, 49]
[46, 90]
[46, 122]
[46, 123]
[46, 124]
[46, 127]
[46, 129]
[46, 130]
[46, 131]
[46, 133]
[46, 134]
[48, 86]
[49, 86]
[49, 90]
[50, 86]
[50, 90]
[52, 56]
[52, 57]
[52, 58]
[52, 59]
[52, 60]
[52, 63]
[52, 64]
[52, 65]
[52, 67]
[52, 68]
[52, 70]
[52, 71]
[52, 73]
[52, 75]
[52, 77]
[52, 80]
[52, 81]
[52, 83]
[55, 89]
[56, 65]
[56, 67]
[56, 68]
[56, 70]
[56, 71]
[56, 73]
[56, 75]
[56, 77]
[56, 80]
[57, 65]
[57, 67]
[57, 68]
[57, 70]
[57, 75]
[57, 77]
[57, 80]
[58, 65]
[58, 67]
[58, 68]
[58, 70]
[58, 71]
[58, 73]
[58, 75]
[58, 77]
[58, 80]
[59, 65]
[59, 67]
[59, 68]
[59, 70]
[59, 71]
[59, 73]
[59, 75]
[59, 77]
[59, 80]
[59, 81]
[59, 83]
[60, 65]
[60, 67]
[60, 68]
[60, 70]
[60, 75]
[60, 77]
[60, 80]
[63, 65]
[63, 67]
[63, 68]
[63, 70]
[63, 75]
[63, 77]
[63, 80]
[64, 65]
[64, 67]
[64, 68]
[64, 70]
[64, 71]
[64, 73]
[64, 75]
[64, 77]
[64, 80]
[64, 81]
[64, 83]
[65, 75]
[65, 77]
[65, 80]
[67, 75]
[67, 77]
[67, 80]
[68, 75]
[68, 77]
[68, 80]
[68, 81]
[68, 83]
[70, 75]
[70, 77]
[70, 80]
[70, 81]
[70, 83]
[71, 74]
[71, 80]
[71, 81]
[71, 83]
[73, 74]
[73, 80]
[73, 81]
[73, 83]
[81, 84]
[83, 84]
[90, 133]
[90, 134]
[92, 100]
[92, 101]
[92, 103]
[92, 104]
[92, 107]
[92, 121]
[92, 136]
[93, 97]
[93, 99]
[93, 100]
[93, 101]
[93, 103]
[93, 104]
[94, 100]
[94, 101]
[94, 103]
[94, 104]
[94, 107]
[94, 121]
[94, 136]
[96, 107]
[96, 109]
[96, 111]
[96, 121]
[96, 132]
[96, 133]
[96, 134]
[96, 136]
[106, 107]
[106, 109]
[106, 111]
[106, 121]
[106, 132]
[106, 133]
[106, 134]
[106, 136]
[107, 115]
[107, 116]
[107, 118]
[107, 119]
[107, 136]
[108, 112]
[108, 114]
[108, 115]
[108, 116]
[108, 118]
[108, 119]
[109, 115]
[109, 116]
[109, 118]
[109, 119]
[109, 136]
[111, 132]
[111, 133]
[111, 134]
[111, 136]
[121, 132]
[121, 133]
[121, 134]
[121, 136]
[122, 127]
[122, 129]
[122, 130]
[122, 131]
[122, 133]
[122, 134]
[123, 127]
[123, 129]
[123, 130]
[123, 131]
[123, 133]
[123, 134]
[124, 127]
[124, 129]
[124, 130]
[124, 131]
[124, 133]
[124, 134]
[132, 136]
[133, 136]
[134, 136]
