[17, 49]
[18, 44]
[19, 49]
[21, 26]
[21, 28]
[21, 29]
[21, 31]
[21, 32]
[21, 33]
[21, 34]
[21, 37]
[21, 40]
[21, 41]
[21, 42]
[21, 43]
[21, 458]
[21, 694]
[26, 31]
[26, 32]
[26, 33]
[26, 34]
[26, 37]
[26, 40]
[26, 41]
[26, 42]
[26, 458]
[26, 694]
[28, 31]
[28, 32]
[28, 33]
[28, 34]
[28, 37]
[28, 40]
[28, 41]
[28, 42]
[28, 458]
[28, 694]
[29, 31]
[29, 32]
[29, 33]
[29, 34]
[29, 37]
[29, 40]
[29, 41]
[29, 42]
[29, 458]
[29, 694]
[31, 37]
[31, 40]
[31, 41]
[31, 42]
[31, 43]
[31, 458]
[31, 694]
[32, 37]
[32, 40]
[32, 41]
[32, 42]
[32, 458]
[32, 694]
[33, 37]
[33, 40]
[33, 41]
[33, 42]
[33, 458]
[33, 694]
[34, 37]
[34, 40]
[34, 41]
[34, 42]
[34, 458]
[34, 694]
[37, 458]
[37, 694]
[40, 458]
[40, 694]
[41, 458]
[41, 694]
[45, 49]
[46, 49]
[85, 87]
[85, 88]
[85, 89]
[85, 90]
[85, 91]
[85, 92]
[85, 93]
[85, 94]
[85, 95]
[85, 96]
[85, 97]
[86, 89]
[86, 90]
[87, 91]
[87, 92]
[87, 93]
[87, 94]
[87, 95]
[87, 96]
[88, 93]
[88, 95]
[88, 96]
[88, 97]
[91, 95]
[91, 96]
[92, 95]
[92, 96]
[93, 95]
[93, 96]
[93, 97]
[94, 95]
[94, 96]
[108, 117]
[108, 118]
[116, 117]
[124, 129]
[124, 152]
[125, 128]
[125, 129]
[125, 152]
[126, 132]
[126, 133]
[126, 134]
[126, 135]
[127, 136]
[127, 142]
[128, 129]
[128, 152]
[129, 152]
[131, 154]
[137, 138]
[139, 143]
[139, 144]
[139, 146]
[139, 147]
[139, 150]
[139, 151]
[139, 219]
[139, 220]
[139, 222]
[139, 223]
[139, 224]
[139, 225]
[140, 143]
[140, 144]
[140, 146]
[140, 147]
[140, 150]
[140, 151]
[140, 219]
[140, 220]
[140, 222]
[140, 223]
[140, 224]
[140, 225]
[143, 223]
[144, 146]
[144, 147]
[144, 150]
[144, 223]
[146, 219]
[146, 220]
[146, 222]
[146, 223]
[146, 224]
[146, 225]
[147, 219]
[147, 220]
[147, 222]
[147, 223]
[147, 224]
[147, 225]
[149, 205]
[150, 219]
[150, 220]
[150, 222]
[150, 223]
[150, 224]
[150, 225]
[151, 223]
[185, 186]
[185, 188]
[186, 188]
[192, 199]
[192, 200]
[192, 201]
[196, 202]
[214, 269]
[215, 271]
[215, 272]
[215, 273]
[215, 274]
[215, 275]
[215, 277]
[215, 278]
[215, 279]
[215, 280]
[216, 282]
[216, 283]
[216, 284]
[217, 294]
[217, 295]
[218, 286]
[218, 288]
[218, 290]
[218, 291]
[218, 293]
[218, 294]
[218, 295]
[218, 296]
[219, 220]
[219, 222]
[219, 224]
[226, 229]
[227, 233]
[227, 234]
[227, 236]
[228, 232]
[228, 233]
[228, 234]
[228, 236]
[231, 233]
[231, 234]
[231, 235]
[231, 236]
[231, 239]
[231, 240]
[231, 241]
[231, 242]
[231, 243]
[231, 245]
[231, 246]
[231, 247]
[231, 248]
[231, 249]
[231, 250]
[235, 239]
[235, 240]
[235, 241]
[235, 242]
[235, 243]
[235, 245]
[235, 246]
[235, 247]
[235, 248]
[235, 249]
[239, 249]
[240, 249]
[241, 249]
[242, 243]
[242, 245]
[242, 247]
[246, 249]
[261, 266]
[263, 266]
[265, 266]
[271, 274]
[271, 285]
[272, 274]
[272, 275]
[272, 277]
[272, 278]
[272, 279]
[272, 280]
[272, 285]
[273, 274]
[273, 275]
[273, 277]
[273, 278]
[273, 279]
[273, 280]
[273, 285]
[274, 275]
[275, 285]
[277, 285]
[278, 285]
[279, 285]
[280, 285]
[286, 291]
[286, 294]
[286, 295]
[288, 291]
[288, 294]
[288, 295]
[290, 291]
[290, 294]
[290, 295]
[291, 294]
[291, 295]
[293, 294]
[293, 295]
[298, 300]
[301, 302]
[301, 304]
[301, 305]
[301, 306]
[301, 308]
[301, 309]
[315, 321]
[315, 739]
[315, 788]
[318, 334]
[318, 341]
[320, 321]
[320, 739]
[320, 788]
[321, 332]
[321, 339]
[321, 739]
[332, 739]
[332, 788]
[334, 341]
[339, 739]
[339, 788]
[350, 368]
[351, 368]
[354, 359]
[354, 362]
[354, 363]
[357, 359]
[357, 362]
[357, 363]
[358, 359]
[358, 362]
[358, 363]
[375, 380]
[375, 381]
[383, 386]
[388, 397]
[390, 397]
[391, 397]
[393, 397]
[396, 397]
[397, 399]
[397, 400]
[404, 406]
[404, 407]
[405, 414]
[405, 415]
[423, 445]
[430, 436]
[430, 437]
[442, 453]
[445, 448]
[445, 453]
[456, 691]
[456, 693]
[456, 695]
[457, 691]
[457, 692]
[457, 695]
[458, 694]
[505, 679]
[505, 680]
[505, 683]
[505, 684]
[509, 515]
[509, 518]
[509, 519]
[512, 515]
[512, 518]
[512, 519]
[513, 515]
[513, 518]
[513, 519]
[531, 536]
[533, 536]
[535, 536]
[543, 544]
[543, 545]
[543, 546]
[543, 619]
[544, 619]
[545, 619]
[546, 619]
[547, 548]
[547, 550]
[547, 551]
[547, 553]
[547, 554]
[547, 555]
[547, 559]
[547, 560]
[548, 553]
[548, 554]
[548, 555]
[548, 559]
[550, 554]
[550, 559]
[551, 554]
[551, 559]
[553, 559]
[554, 559]
[555, 559]
[561, 563]
[564, 569]
[564, 570]
[564, 571]
[564, 573]
[566, 573]
[567, 573]
[576, 590]
[576, 591]
[576, 592]
[576, 593]
[576, 605]
[576, 606]
[577, 590]
[577, 591]
[577, 592]
[577, 593]
[577, 605]
[577, 606]
[578, 590]
[578, 591]
[578, 592]
[578, 593]
[578, 605]
[578, 606]
[597, 601]
[609, 611]
[609, 613]
[609, 615]
[610, 611]
[610, 613]
[610, 615]
[619, 626]
[619, 628]
[619, 629]
[644, 647]
[664, 666]
[664, 668]
[664, 670]
[665, 666]
[665, 668]
[665, 670]
[679, 682]
[679, 683]
[679, 684]
[680, 682]
[680, 683]
[680, 684]
[691, 693]
[711, 716]
[712, 716]
[716, 722]
[716, 723]
[739, 788]
[744, 749]
[744, 750]
[744, 752]
[744, 757]
[744, 759]
[744, 760]
[744, 761]
[744, 763]
[744, 777]
[745, 749]
[747, 749]
[749, 757]
[749, 759]
[749, 760]
[749, 761]
[749, 763]
[749, 777]
[761, 777]
[762, 778]
[768, 773]
[770, 773]
[771, 773]
[781, 826]
[813, 814]
[813, 816]
[813, 817]
[813, 822]
[849, 854]
[849, 855]
[849, 857]
[849, 876]
[849, 878]
[850, 854]
[850, 855]
[850, 857]
[851, 854]
[851, 855]
[851, 857]
[854, 876]
[854, 878]
[855, 858]
[857, 858]
[861, 864]
[861, 865]
[861, 869]
[862, 864]
[862, 865]
[862, 869]
[864, 869]
[865, 869]
[867, 869]
[875, 877]
[875, 880]
[882, 907]
[883, 903]
[896, 901]
[896, 902]
[896, 904]
[897, 901]
[897, 902]
[897, 904]
[899, 901]
[899, 902]
[899, 904]
[910, 913]
[916, 986]
[917, 984]
[918, 942]
[918, 943]
[918, 945]
[918, 946]
[918, 949]
[918, 950]
[918, 951]
[918, 953]
[918, 954]
[918, 960]
[918, 962]
[918, 964]
[918, 965]
[918, 967]
[918, 969]
[918, 971]
[919, 928]
[919, 930]
[920, 993]
[920, 995]
[920, 997]
[920, 1007]
[920, 1009]
[920, 1011]
[921, 1013]
[921, 1015]
[921, 1017]
[921, 1020]
[922, 975]
[922, 977]
[922, 979]
[922, 980]
[922, 1010]
[922, 1014]
[922, 1019]
[923, 932]
[923, 933]
[923, 935]
[928, 930]
[931, 1008]
[933, 1008]
[935, 1008]
[936, 1008]
[937, 1000]
[937, 1002]
[937, 1004]
[940, 955]
[940, 956]
[940, 957]
[940, 960]
[940, 961]
[940, 962]
[940, 966]
[942, 953]
[942, 967]
[942, 969]
[942, 971]
[943, 953]
[943, 967]
[943, 969]
[943, 971]
[945, 953]
[945, 967]
[945, 969]
[945, 971]
[946, 953]
[946, 964]
[946, 967]
[946, 969]
[946, 971]
[947, 1012]
[950, 960]
[950, 962]
[954, 960]
[954, 962]
[957, 960]
[957, 961]
[957, 962]
[960, 967]
[960, 969]
[960, 971]
[960, 988]
[960, 989]
[960, 990]
[960, 991]
[960, 992]
[962, 967]
[962, 969]
[962, 971]
[962, 988]
[962, 989]
[962, 990]
[962, 991]
[962, 992]
[964, 967]
[964, 969]
[964, 971]
[965, 967]
[965, 969]
[965, 971]
[975, 1011]
[977, 1010]
[977, 1014]
[977, 1019]
[978, 1008]
[978, 1009]
[978, 1020]
[979, 1011]
[980, 1010]
[980, 1014]
[980, 1019]
[994, 998]
[1008, 1020]
[1010, 1014]
[1010, 1019]
[1017, 1020]
[1028, 1032]
[1029, 1032]
[1067, 1068]
[1107, 1174]
[1107, 1176]
[1107, 1177]
[1108, 1125]
[1109, 1168]
[1109, 1169]
[1109, 1172]
[1118, 1165]
[1118, 1166]
[1119, 1144]
[1120, 1145]
[1120, 1148]
[1120, 1153]
[1121, 1154]
[1122, 1161]
[1123, 1140]
[1124, 1126]
[1124, 1127]
[1124, 1128]
[1124, 1132]
[1124, 1133]
[1126, 1132]
[1127, 1132]
[1128, 1132]
[1137, 1199]
[1138, 1198]
[1139, 1198]
[1146, 1152]
[1149, 1150]
[1183, 1192]
[1184, 1192]
[1185, 1188]
[1185, 1189]
[1185, 1190]
[1185, 1192]
