[26, 43]
[28, 43]
[29, 43]
[32, 43]
[33, 43]
[34, 43]
[37, 40]
[37, 42]
[40, 42]
[41, 42]
[42, 458]
[42, 694]
[43, 458]
[43, 694]
[85, 86]
[86, 87]
[86, 88]
[86, 91]
[86, 92]
[86, 93]
[86, 94]
[86, 95]
[86, 96]
[86, 97]
[87, 88]
[87, 89]
[87, 90]
[87, 97]
[88, 89]
[88, 90]
[88, 91]
[88, 92]
[88, 94]
[89, 91]
[89, 92]
[89, 93]
[89, 94]
[89, 95]
[89, 96]
[89, 97]
[90, 91]
[90, 92]
[90, 93]
[90, 94]
[90, 95]
[90, 96]
[90, 97]
[91, 93]
[91, 97]
[92, 93]
[92, 97]
[94, 97]
[95, 96]
[108, 116]
[111, 112]
[116, 118]
[119, 120]
[124, 128]
[126, 230]
[130, 230]
[132, 134]
[133, 134]
[135, 230]
[139, 140]
[143, 144]
[143, 146]
[143, 147]
[143, 150]
[143, 151]
[143, 219]
[143, 220]
[143, 222]
[143, 224]
[143, 225]
[144, 145]
[144, 151]
[144, 219]
[144, 220]
[144, 222]
[144, 224]
[144, 225]
[145, 148]
[146, 150]
[147, 150]
[151, 219]
[151, 220]
[151, 222]
[151, 224]
[151, 225]
[154, 230]
[156, 230]
[182, 187]
[184, 185]
[184, 186]
[184, 188]
[184, 189]
[184, 191]
[185, 189]
[185, 191]
[186, 189]
[186, 191]
[188, 191]
[189, 191]
[193, 196]
[193, 202]
[203, 204]
[215, 285]
[217, 218]
[217, 286]
[217, 288]
[217, 290]
[217, 291]
[217, 293]
[217, 296]
[219, 223]
[239, 242]
[239, 243]
[239, 245]
[239, 246]
[239, 247]
[239, 248]
[240, 242]
[240, 243]
[240, 245]
[240, 246]
[240, 247]
[240, 248]
[241, 242]
[241, 243]
[241, 245]
[241, 246]
[241, 247]
[241, 248]
[242, 246]
[242, 249]
[243, 249]
[245, 249]
[247, 249]
[248, 249]
[253, 257]
[253, 258]
[253, 259]
[271, 275]
[271, 277]
[271, 278]
[271, 279]
[271, 280]
[274, 277]
[274, 278]
[274, 279]
[286, 296]
[288, 296]
[290, 296]
[291, 296]
[293, 296]
[294, 295]
[298, 299]
[299, 300]
[302, 306]
[302, 308]
[302, 309]
[303, 306]
[303, 307]
[303, 310]
[303, 311]
[304, 306]
[304, 308]
[304, 309]
[304, 310]
[305, 306]
[305, 308]
[305, 309]
[305, 310]
[306, 310]
[307, 310]
[307, 311]
[308, 310]
[309, 310]
[310, 311]
[313, 314]
[315, 320]
[315, 332]
[315, 339]
[318, 333]
[320, 332]
[320, 339]
[321, 788]
[324, 325]
[324, 326]
[324, 327]
[324, 328]
[325, 326]
[325, 327]
[325, 328]
[326, 327]
[326, 328]
[327, 328]
[332, 339]
[333, 334]
[333, 341]
[342, 343]
[344, 345]
[344, 346]
[344, 347]
[344, 348]
[345, 346]
[345, 347]
[345, 348]
[346, 347]
[346, 348]
[347, 348]
[350, 352]
[351, 352]
[352, 368]
[353, 358]
[353, 359]
[353, 362]
[353, 363]
[354, 364]
[354, 367]
[355, 364]
[355, 372]
[357, 364]
[357, 367]
[364, 372]
[377, 378]
[382, 385]
[384, 386]
[388, 390]
[388, 391]
[388, 393]
[388, 396]
[388, 398]
[388, 399]
[388, 400]
[390, 391]
[390, 393]
[390, 396]
[390, 398]
[390, 399]
[390, 400]
[391, 393]
[391, 396]
[391, 398]
[391, 399]
[391, 400]
[393, 396]
[393, 398]
[393, 399]
[393, 400]
[396, 398]
[396, 399]
[396, 400]
[398, 399]
[398, 400]
[399, 400]
[409, 416]
[414, 415]
[423, 446]
[423, 447]
[423, 448]
[428, 435]
[436, 437]
[442, 445]
[445, 446]
[445, 447]
[446, 447]
[446, 448]
[447, 448]
[456, 457]
[456, 692]
[457, 693]
[461, 882]
[461, 907]
[466, 467]
[468, 473]
[468, 474]
[468, 475]
[468, 476]
[468, 477]
[468, 478]
[468, 479]
[468, 480]
[468, 481]
[468, 482]
[468, 483]
[468, 484]
[468, 485]
[468, 486]
[469, 473]
[469, 474]
[469, 475]
[469, 476]
[469, 477]
[469, 478]
[469, 479]
[469, 480]
[469, 481]
[469, 482]
[469, 483]
[469, 484]
[469, 485]
[469, 486]
[470, 473]
[470, 474]
[470, 475]
[470, 476]
[470, 477]
[470, 478]
[470, 479]
[470, 480]
[470, 481]
[470, 482]
[470, 483]
[470, 484]
[470, 485]
[470, 486]
[471, 473]
[471, 474]
[471, 475]
[471, 476]
[471, 477]
[471, 478]
[471, 479]
[471, 480]
[471, 481]
[471, 482]
[471, 483]
[471, 484]
[471, 485]
[471, 486]
[472, 473]
[472, 474]
[472, 475]
[472, 476]
[472, 477]
[472, 478]
[472, 479]
[472, 480]
[472, 481]
[472, 482]
[472, 483]
[472, 484]
[472, 485]
[472, 486]
[473, 477]
[473, 478]
[473, 479]
[473, 480]
[473, 481]
[473, 482]
[473, 483]
[473, 484]
[473, 485]
[473, 486]
[474, 477]
[474, 478]
[474, 479]
[474, 480]
[474, 481]
[474, 482]
[474, 483]
[474, 484]
[474, 485]
[474, 486]
[475, 477]
[475, 478]
[475, 479]
[475, 480]
[475, 481]
[475, 482]
[475, 483]
[475, 484]
[475, 485]
[475, 486]
[476, 477]
[476, 478]
[476, 479]
[476, 480]
[476, 481]
[476, 482]
[476, 483]
[476, 484]
[476, 485]
[476, 486]
[477, 482]
[477, 483]
[477, 484]
[477, 485]
[477, 486]
[478, 482]
[478, 483]
[478, 484]
[478, 485]
[478, 486]
[479, 482]
[479, 483]
[479, 484]
[479, 485]
[479, 486]
[480, 482]
[480, 483]
[480, 484]
[480, 485]
[480, 486]
[481, 482]
[481, 483]
[481, 484]
[481, 485]
[481, 486]
[482, 486]
[483, 486]
[484, 486]
[485, 486]
[487, 494]
[488, 492]
[488, 493]
[495, 496]
[505, 682]
[543, 626]
[543, 628]
[543, 629]
[544, 545]
[544, 546]
[544, 626]
[544, 628]
[544, 629]
[545, 546]
[545, 626]
[545, 628]
[545, 629]
[546, 626]
[546, 628]
[546, 629]
[590, 595]
[590, 605]
[590, 606]
[591, 595]
[591, 605]
[591, 606]
[592, 595]
[592, 605]
[592, 606]
[593, 595]
[593, 605]
[593, 606]
[599, 603]
[599, 608]
[600, 601]
[609, 610]
[609, 614]
[610, 614]
[618, 835]
[618, 837]
[634, 640]
[634, 641]
[635, 638]
[635, 641]
[636, 638]
[636, 639]
[636, 640]
[636, 641]
[637, 638]
[637, 639]
[637, 640]
[637, 641]
[664, 669]
[665, 669]
[685, 686]
[685, 688]
[686, 688]
[691, 692]
[692, 693]
[711, 715]
[711, 722]
[711, 723]
[712, 715]
[712, 722]
[712, 723]
[715, 716]
[715, 722]
[715, 723]
[722, 723]
[728, 729]
[729, 736]
[741, 747]
[741, 749]
[742, 744]
[742, 752]
[756, 768]
[756, 770]
[756, 771]
[756, 773]
[756, 774]
[757, 763]
[759, 763]
[760, 763]
[767, 768]
[767, 770]
[767, 771]
[767, 773]
[767, 774]
[783, 784]
[783, 785]
[783, 786]
[784, 785]
[784, 786]
[785, 786]
[798, 799]
[808, 824]
[809, 814]
[809, 816]
[809, 817]
[809, 822]
[809, 823]
[810, 814]
[810, 816]
[810, 817]
[810, 822]
[810, 823]
[811, 814]
[811, 816]
[811, 817]
[811, 822]
[811, 823]
[812, 814]
[812, 816]
[812, 817]
[812, 822]
[812, 823]
[813, 818]
[813, 819]
[813, 820]
[813, 821]
[814, 819]
[814, 820]
[814, 821]
[814, 822]
[816, 819]
[816, 820]
[816, 821]
[816, 822]
[817, 819]
[817, 820]
[817, 821]
[818, 819]
[818, 820]
[818, 821]
[818, 822]
[827, 828]
[827, 829]
[827, 830]
[827, 832]
[828, 829]
[828, 830]
[828, 832]
[829, 830]
[829, 832]
[830, 832]
[842, 844]
[842, 845]
[844, 845]
[850, 858]
[851, 858]
[870, 872]
[876, 878]
[884, 886]
[884, 887]
[884, 888]
[884, 889]
[884, 892]
[885, 886]
[885, 887]
[885, 888]
[885, 889]
[885, 892]
[886, 888]
[886, 889]
[886, 892]
[887, 888]
[887, 889]
[887, 892]
[888, 892]
[889, 892]
[901, 902]
[901, 904]
[908, 909]
[908, 911]
[908, 912]
[909, 912]
[910, 914]
[911, 912]
[915, 916]
[921, 978]
[923, 1000]
[923, 1002]
[923, 1004]
[924, 938]
[927, 938]
[932, 1000]
[932, 1002]
[932, 1004]
[942, 946]
[943, 946]
[945, 946]
[948, 993]
[948, 995]
[948, 1011]
[948, 1013]
[948, 1015]
[949, 965]
[949, 967]
[949, 989]
[949, 990]
[949, 991]
[949, 992]
[950, 965]
[950, 967]
[950, 989]
[950, 990]
[950, 991]
[950, 992]
[951, 965]
[951, 967]
[951, 989]
[951, 990]
[951, 991]
[951, 992]
[953, 964]
[953, 965]
[953, 967]
[953, 969]
[953, 971]
[953, 989]
[953, 990]
[953, 991]
[953, 992]
[954, 965]
[954, 967]
[954, 989]
[954, 990]
[954, 991]
[954, 992]
[967, 989]
[967, 990]
[967, 991]
[967, 992]
[969, 989]
[969, 990]
[969, 991]
[969, 992]
[978, 1017]
[993, 1007]
[993, 1009]
[993, 1011]
[995, 1007]
[995, 1009]
[995, 1011]
[1004, 1008]
[1029, 1030]
[1116, 1117]
[1134, 1135]
[1136, 1137]
[1136, 1138]
[1136, 1139]
[1136, 1198]
[1136, 1199]
[1137, 1138]
[1137, 1139]
[1137, 1198]
[1138, 1199]
[1139, 1199]
[1156, 1157]
[1168, 1169]
[1168, 1172]
[1174, 1176]
[1174, 1177]
[1198, 1199]
