[3, 575]
[21, 26]
[21, 27]
[22, 26]
[22, 27]
[46, 47]
[46, 48]
[50, 1671]
[51, 54]
[66, 67]
[66, 68]
[66, 69]
[66, 71]
[66, 72]
[66, 73]
[66, 74]
[66, 76]
[66, 77]
[66, 78]
[66, 79]
[66, 80]
[66, 82]
[67, 77]
[67, 82]
[68, 82]
[69, 77]
[69, 82]
[71, 72]
[71, 73]
[71, 74]
[71, 76]
[71, 77]
[72, 77]
[72, 78]
[72, 79]
[72, 80]
[72, 82]
[73, 77]
[73, 78]
[73, 79]
[73, 80]
[73, 82]
[74, 77]
[74, 78]
[74, 79]
[74, 80]
[74, 82]
[80, 82]
[83, 1700]
[84, 85]
[84, 87]
[84, 89]
[84, 1700]
[85, 1700]
[87, 1700]
[89, 1700]
[90, 1700]
[91, 1700]
[101, 106]
[101, 107]
[101, 109]
[102, 106]
[102, 107]
[102, 109]
[103, 106]
[103, 107]
[103, 109]
[105, 110]
[107, 110]
[109, 110]
[114, 161]
[114, 181]
[114, 184]
[114, 187]
[114, 192]
[114, 198]
[114, 209]
[114, 210]
[114, 621]
[114, 1716]
[114, 1723]
[114, 1724]
[114, 1725]
[116, 121]
[116, 122]
[116, 124]
[116, 1605]
[117, 121]
[117, 122]
[117, 124]
[118, 121]
[118, 122]
[118, 124]
[120, 125]
[121, 1605]
[122, 125]
[124, 125]
[130, 1683]
[131, 1684]
[132, 133]
[132, 135]
[132, 136]
[132, 137]
[132, 139]
[132, 140]
[132, 141]
[132, 142]
[132, 143]
[132, 144]
[132, 145]
[132, 147]
[132, 148]
[132, 149]
[132, 150]
[132, 151]
[132, 1687]
[133, 136]
[133, 143]
[133, 144]
[133, 145]
[133, 147]
[133, 148]
[133, 149]
[133, 150]
[133, 151]
[133, 1687]
[134, 136]
[134, 137]
[134, 139]
[134, 140]
[134, 141]
[134, 142]
[134, 143]
[134, 144]
[134, 145]
[134, 147]
[134, 148]
[134, 149]
[134, 150]
[134, 151]
[134, 1687]
[135, 143]
[135, 144]
[135, 145]
[135, 147]
[135, 148]
[135, 149]
[135, 150]
[135, 151]
[135, 1687]
[136, 137]
[136, 139]
[136, 141]
[136, 143]
[136, 144]
[136, 145]
[136, 147]
[136, 148]
[136, 149]
[136, 150]
[136, 151]
[136, 1687]
[137, 143]
[137, 144]
[137, 145]
[137, 147]
[137, 148]
[137, 149]
[137, 150]
[137, 151]
[137, 1687]
[139, 143]
[139, 144]
[139, 145]
[139, 147]
[139, 148]
[139, 149]
[139, 150]
[139, 151]
[139, 1687]
[140, 143]
[140, 144]
[140, 145]
[140, 147]
[140, 148]
[140, 149]
[140, 150]
[140, 151]
[140, 1687]
[141, 143]
[141, 144]
[141, 145]
[141, 147]
[141, 148]
[141, 149]
[141, 150]
[141, 151]
[141, 1687]
[142, 143]
[142, 144]
[142, 145]
[142, 147]
[142, 148]
[142, 149]
[142, 150]
[142, 151]
[142, 1687]
[143, 1687]
[144, 145]
[144, 147]
[144, 149]
[144, 1687]
[145, 1687]
[147, 1687]
[148, 151]
[148, 1687]
[149, 1687]
[150, 1687]
[151, 1687]
[156, 1721]
[159, 1714]
[161, 181]
[161, 184]
[161, 187]
[161, 192]
[161, 198]
[161, 209]
[161, 210]
[161, 621]
[161, 1716]
[161, 1723]
[161, 1724]
[161, 1725]
[181, 184]
[181, 187]
[181, 192]
[181, 198]
[181, 209]
[181, 210]
[181, 621]
[181, 1716]
[181, 1723]
[181, 1724]
[181, 1725]
[184, 187]
[184, 192]
[184, 198]
[184, 209]
[184, 210]
[184, 621]
[184, 1716]
[184, 1723]
[184, 1724]
[184, 1725]
[187, 192]
[187, 198]
[187, 209]
[187, 210]
[187, 621]
[187, 1716]
[187, 1723]
[187, 1724]
[187, 1725]
[192, 198]
[192, 209]
[192, 210]
[192, 621]
[192, 1716]
[192, 1723]
[192, 1724]
[192, 1725]
[193, 1699]
[196, 1697]
[198, 209]
[198, 210]
[198, 621]
[198, 1716]
[198, 1723]
[198, 1724]
[198, 1725]
[199, 200]
[199, 201]
[199, 202]
[199, 203]
[199, 204]
[199, 205]
[199, 206]
[199, 208]
[209, 621]
[209, 1716]
[209, 1723]
[209, 1724]
[209, 1725]
[210, 621]
[210, 1716]
[210, 1723]
[210, 1724]
[210, 1725]
[211, 214]
[211, 215]
[211, 216]
[211, 217]
[211, 218]
[211, 219]
[211, 220]
[211, 221]
[211, 222]
[211, 223]
[212, 214]
[212, 215]
[212, 216]
[212, 217]
[212, 218]
[212, 219]
[212, 220]
[212, 221]
[212, 222]
[212, 223]
[213, 215]
[213, 216]
[213, 217]
[213, 218]
[213, 219]
[213, 220]
[213, 221]
[213, 222]
[213, 223]
[214, 216]
[214, 217]
[214, 218]
[214, 219]
[214, 220]
[214, 221]
[214, 222]
[214, 223]
[215, 217]
[215, 218]
[215, 219]
[215, 220]
[215, 221]
[215, 222]
[215, 223]
[216, 218]
[216, 219]
[216, 220]
[216, 221]
[216, 222]
[216, 223]
[217, 219]
[217, 220]
[217, 221]
[217, 222]
[217, 223]
[218, 220]
[218, 221]
[218, 222]
[218, 223]
[219, 221]
[219, 222]
[219, 223]
[220, 222]
[220, 223]
[221, 223]
[259, 1712]
[260, 1712]
[261, 1712]
[269, 1712]
[278, 1702]
[294, 344]
[294, 345]
[294, 346]
[294, 480]
[294, 481]
[294, 483]
[294, 493]
[302, 318]
[302, 350]
[302, 358]
[302, 396]
[302, 427]
[305, 310]
[305, 311]
[305, 312]
[305, 313]
[305, 314]
[307, 310]
[307, 311]
[307, 312]
[307, 313]
[307, 314]
[308, 310]
[308, 311]
[308, 312]
[308, 313]
[308, 314]
[318, 350]
[318, 358]
[318, 396]
[318, 427]
[321, 326]
[321, 327]
[321, 328]
[321, 329]
[321, 330]
[323, 326]
[323, 327]
[323, 328]
[323, 329]
[323, 330]
[324, 326]
[324, 327]
[324, 328]
[324, 329]
[324, 330]
[338, 344]
[338, 345]
[338, 346]
[344, 480]
[344, 481]
[344, 483]
[344, 493]
[345, 480]
[345, 481]
[345, 483]
[345, 493]
[346, 480]
[346, 481]
[346, 483]
[346, 493]
[350, 358]
[350, 396]
[350, 427]
[358, 396]
[358, 427]
[359, 364]
[359, 365]
[359, 366]
[359, 367]
[359, 368]
[361, 364]
[361, 365]
[361, 366]
[361, 367]
[361, 368]
[361, 371]
[361, 373]
[361, 374]
[361, 376]
[361, 377]
[361, 378]
[361, 379]
[361, 380]
[361, 381]
[361, 384]
[361, 386]
[361, 387]
[361, 389]
[361, 390]
[361, 391]
[361, 392]
[361, 393]
[361, 394]
[361, 527]
[362, 364]
[362, 365]
[362, 366]
[362, 367]
[362, 368]
[364, 371]
[364, 373]
[364, 374]
[364, 376]
[364, 377]
[364, 378]
[364, 379]
[364, 380]
[364, 381]
[364, 384]
[364, 386]
[364, 387]
[364, 389]
[364, 390]
[364, 391]
[364, 392]
[364, 393]
[364, 394]
[364, 527]
[365, 371]
[365, 373]
[365, 374]
[365, 376]
[365, 377]
[365, 378]
[365, 379]
[365, 380]
[365, 381]
[365, 384]
[365, 386]
[365, 387]
[365, 389]
[365, 390]
[365, 391]
[365, 392]
[365, 393]
[365, 394]
[365, 527]
[366, 371]
[366, 373]
[366, 374]
[366, 376]
[366, 377]
[366, 378]
[366, 379]
[366, 380]
[366, 381]
[366, 384]
[366, 386]
[366, 387]
[366, 389]
[366, 390]
[366, 391]
[366, 392]
[366, 393]
[366, 394]
[366, 527]
[367, 371]
[367, 373]
[367, 374]
[367, 376]
[367, 377]
[367, 378]
[367, 379]
[367, 380]
[367, 381]
[367, 384]
[367, 386]
[367, 387]
[367, 389]
[367, 390]
[367, 391]
[367, 392]
[367, 393]
[367, 394]
[367, 527]
[368, 371]
[368, 373]
[368, 374]
[368, 376]
[368, 377]
[368, 378]
[368, 379]
[368, 380]
[368, 381]
[368, 384]
[368, 386]
[368, 387]
[368, 389]
[368, 390]
[368, 391]
[368, 392]
[368, 393]
[368, 394]
[368, 527]
[369, 371]
[369, 373]
[369, 374]
[369, 376]
[369, 377]
[369, 378]
[369, 379]
[369, 380]
[369, 381]
[369, 384]
[369, 386]
[369, 387]
[369, 389]
[369, 390]
[369, 391]
[369, 392]
[369, 393]
[369, 394]
[369, 527]
[371, 376]
[371, 377]
[371, 378]
[371, 379]
[371, 380]
[371, 384]
[371, 386]
[371, 387]
[371, 389]
[371, 390]
[371, 391]
[371, 392]
[371, 393]
[371, 394]
[371, 527]
[373, 376]
[373, 377]
[373, 378]
[373, 379]
[373, 380]
[373, 384]
[373, 386]
[373, 387]
[373, 389]
[373, 390]
[373, 391]
[373, 392]
[373, 393]
[373, 394]
[373, 527]
[374, 376]
[374, 377]
[374, 378]
[374, 379]
[374, 380]
[374, 384]
[374, 386]
[374, 387]
[374, 389]
[374, 390]
[374, 391]
[374, 392]
[374, 393]
[374, 394]
[374, 527]
[376, 384]
[376, 386]
[376, 387]
[376, 389]
[376, 390]
[376, 391]
[376, 392]
[376, 393]
[376, 394]
[376, 527]
[377, 384]
[377, 386]
[377, 387]
[377, 389]
[377, 390]
[377, 391]
[377, 392]
[377, 393]
[377, 394]
[377, 527]
[378, 384]
[378, 386]
[378, 387]
[378, 389]
[378, 390]
[378, 391]
[378, 392]
[378, 393]
[378, 394]
[378, 527]
[379, 384]
[379, 386]
[379, 387]
[379, 389]
[379, 390]
[379, 391]
[379, 392]
[379, 393]
[379, 394]
[379, 527]
[380, 384]
[380, 386]
[380, 387]
[380, 389]
[380, 390]
[380, 391]
[380, 392]
[380, 393]
[380, 394]
[380, 527]
[381, 384]
[381, 386]
[381, 387]
[381, 389]
[381, 390]
[381, 391]
[381, 392]
[381, 393]
[381, 394]
[381, 527]
[384, 389]
[384, 390]
[384, 391]
[384, 392]
[384, 393]
[384, 527]
[386, 389]
[386, 390]
[386, 391]
[386, 392]
[386, 393]
[386, 527]
[387, 389]
[387, 390]
[387, 391]
[387, 392]
[387, 393]
[387, 527]
[389, 527]
[390, 527]
[391, 527]
[392, 527]
[393, 527]
[394, 527]
[396, 427]
[429, 434]
[429, 435]
[429, 436]
[429, 437]
[429, 438]
[431, 434]
[431, 435]
[431, 436]
[431, 437]
[431, 438]
[432, 434]
[432, 435]
[432, 436]
[432, 437]
[432, 438]
[448, 453]
[448, 454]
[448, 455]
[448, 456]
[448, 457]
[450, 453]
[450, 454]
[450, 455]
[450, 456]
[450, 457]
[451, 453]
[451, 454]
[451, 455]
[451, 456]
[451, 457]
[452, 470]
[466, 471]
[466, 472]
[466, 473]
[466, 474]
[466, 475]
[468, 471]
[468, 472]
[468, 473]
[468, 474]
[468, 475]
[469, 471]
[469, 472]
[469, 473]
[469, 474]
[469, 475]
[478, 3214]
[478, 3215]
[479, 3214]
[479, 3215]
[494, 500]
[496, 500]
[498, 500]
[504, 510]
[504, 512]
[504, 513]
[504, 515]
[504, 516]
[504, 517]
[504, 518]
[504, 519]
[504, 520]
[504, 521]
[504, 522]
[504, 534]
[504, 535]
[504, 536]
[504, 537]
[504, 538]
[506, 510]
[506, 512]
[506, 513]
[506, 515]
[506, 516]
[506, 517]
[506, 518]
[506, 519]
[506, 520]
[506, 521]
[506, 522]
[506, 534]
[506, 535]
[506, 536]
[506, 537]
[506, 538]
[508, 510]
[508, 512]
[508, 513]
[508, 515]
[508, 516]
[508, 517]
[508, 518]
[508, 519]
[508, 520]
[508, 521]
[508, 522]
[508, 534]
[508, 535]
[508, 536]
[508, 537]
[508, 538]
[510, 515]
[512, 515]
[512, 516]
[512, 517]
[512, 518]
[512, 519]
[512, 520]
[512, 521]
[512, 522]
[512, 534]
[512, 536]
[513, 515]
[514, 529]
[514, 530]
[516, 536]
[517, 536]
[518, 536]
[519, 536]
[520, 536]
[521, 536]
[522, 536]
[523, 529]
[523, 530]
[523, 532]
[534, 536]
[540, 541]
[540, 543]
[540, 545]
[549, 560]
[551, 560]
[553, 560]
[553, 561]
[567, 576]
[567, 579]
[567, 580]
[567, 609]
[567, 610]
[567, 611]
[576, 608]
[576, 609]
[577, 581]
[579, 608]
[579, 609]
[580, 608]
[580, 609]
[621, 1716]
[621, 1723]
[621, 1724]
[621, 1725]
[627, 630]
[627, 632]
[628, 630]
[628, 632]
[642, 3551]
[643, 3551]
[644, 657]
[644, 658]
[644, 659]
[644, 660]
[644, 661]
[644, 662]
[644, 664]
[644, 665]
[644, 666]
[644, 667]
[644, 668]
[644, 3551]
[645, 657]
[645, 658]
[645, 659]
[645, 660]
[645, 661]
[645, 662]
[645, 664]
[645, 665]
[645, 666]
[645, 667]
[645, 668]
[645, 3551]
[646, 1669]
[646, 3551]
[647, 656]
[648, 650]
[648, 652]
[648, 654]
[648, 656]
[649, 650]
[649, 652]
[649, 654]
[649, 656]
[653, 656]
[657, 3551]
[658, 662]
[658, 664]
[658, 666]
[658, 3551]
[659, 662]
[659, 664]
[659, 666]
[659, 3551]
[660, 662]
[660, 664]
[660, 666]
[660, 3551]
[661, 662]
[661, 664]
[661, 666]
[661, 3551]
[662, 3551]
[664, 3551]
[665, 668]
[665, 3551]
[666, 3551]
[667, 3551]
[668, 3551]
[669, 3551]
[671, 1707]
[675, 683]
[679, 680]
[679, 682]
[689, 692]
[706, 931]
[707, 931]
[708, 931]
[709, 931]
[710, 931]
[711, 931]
[712, 931]
[713, 931]
[725, 729]
[725, 730]
[725, 731]
[725, 732]
[725, 733]
[725, 734]
[725, 735]
[725, 736]
[725, 737]
[725, 738]
[725, 739]
[725, 740]
[725, 741]
[725, 742]
[725, 743]
[725, 747]
[725, 749]
[725, 750]
[725, 751]
[725, 752]
[725, 753]
[725, 755]
[725, 757]
[725, 758]
[725, 759]
[725, 760]
[725, 761]
[726, 728]
[731, 741]
[731, 742]
[731, 743]
[731, 747]
[731, 749]
[731, 750]
[731, 751]
[731, 752]
[731, 753]
[731, 755]
[731, 757]
[731, 758]
[731, 759]
[731, 760]
[731, 761]
[743, 753]
[743, 755]
[743, 757]
[743, 758]
[743, 759]
[743, 760]
[743, 761]
[765, 861]
[766, 768]
[766, 769]
[766, 878]
[766, 880]
[766, 882]
[766, 884]
[766, 887]
[766, 888]
[766, 890]
[766, 891]
[766, 892]
[766, 896]
[766, 897]
[766, 898]
[766, 908]
[766, 909]
[766, 911]
[766, 914]
[766, 915]
[766, 916]
[766, 917]
[766, 918]
[766, 925]
[767, 768]
[767, 769]
[767, 878]
[767, 880]
[767, 882]
[767, 883]
[767, 884]
[767, 887]
[767, 888]
[767, 890]
[767, 891]
[767, 892]
[767, 896]
[767, 897]
[767, 898]
[767, 908]
[767, 909]
[767, 911]
[767, 914]
[767, 915]
[767, 916]
[767, 917]
[767, 918]
[767, 925]
[768, 878]
[768, 880]
[768, 882]
[768, 884]
[768, 885]
[768, 886]
[768, 887]
[768, 888]
[768, 890]
[768, 891]
[768, 892]
[768, 896]
[768, 897]
[768, 898]
[768, 907]
[768, 908]
[768, 909]
[768, 910]
[768, 911]
[768, 914]
[768, 915]
[768, 916]
[768, 917]
[768, 918]
[768, 925]
[769, 878]
[769, 880]
[769, 882]
[769, 884]
[769, 885]
[769, 886]
[769, 887]
[769, 888]
[769, 890]
[769, 891]
[769, 892]
[769, 896]
[769, 897]
[769, 898]
[769, 907]
[769, 908]
[769, 909]
[769, 910]
[769, 911]
[769, 914]
[769, 915]
[769, 916]
[769, 917]
[769, 918]
[769, 925]
[771, 776]
[771, 777]
[771, 778]
[771, 779]
[771, 881]
[771, 889]
[771, 893]
[772, 776]
[772, 777]
[772, 778]
[772, 779]
[772, 881]
[772, 889]
[772, 893]
[773, 776]
[773, 777]
[773, 778]
[773, 779]
[773, 881]
[773, 889]
[773, 893]
[776, 881]
[776, 889]
[776, 893]
[777, 881]
[777, 889]
[777, 893]
[778, 881]
[778, 889]
[778, 893]
[779, 881]
[779, 889]
[779, 893]
[781, 782]
[781, 785]
[781, 786]
[781, 787]
[781, 789]
[781, 790]
[781, 794]
[781, 796]
[781, 797]
[781, 798]
[781, 805]
[781, 835]
[781, 836]
[781, 839]
[781, 841]
[781, 842]
[781, 860]
[781, 862]
[781, 863]
[781, 864]
[781, 865]
[781, 867]
[781, 868]
[781, 869]
[781, 870]
[781, 871]
[781, 872]
[782, 785]
[782, 786]
[782, 787]
[782, 789]
[782, 790]
[782, 794]
[782, 796]
[782, 797]
[782, 798]
[782, 805]
[782, 835]
[782, 836]
[782, 839]
[782, 841]
[782, 842]
[782, 860]
[782, 862]
[782, 863]
[782, 864]
[782, 865]
[782, 867]
[782, 868]
[782, 869]
[782, 870]
[782, 871]
[782, 872]
[783, 785]
[783, 786]
[783, 787]
[783, 789]
[783, 790]
[783, 794]
[783, 796]
[783, 797]
[783, 798]
[783, 805]
[783, 835]
[783, 836]
[783, 839]
[783, 841]
[783, 842]
[783, 860]
[783, 862]
[783, 863]
[783, 864]
[783, 865]
[783, 867]
[783, 868]
[783, 869]
[783, 870]
[783, 871]
[783, 872]
[784, 785]
[784, 862]
[784, 863]
[784, 864]
[784, 865]
[784, 867]
[784, 868]
[784, 869]
[784, 870]
[784, 871]
[784, 872]
[785, 796]
[785, 797]
[785, 798]
[785, 805]
[785, 839]
[785, 841]
[785, 842]
[785, 860]
[785, 862]
[785, 863]
[785, 864]
[785, 865]
[785, 867]
[785, 868]
[785, 869]
[785, 870]
[785, 871]
[785, 872]
[786, 796]
[786, 797]
[786, 798]
[786, 805]
[786, 839]
[786, 841]
[786, 842]
[786, 860]
[786, 862]
[786, 863]
[786, 864]
[786, 865]
[786, 867]
[786, 868]
[786, 869]
[786, 870]
[786, 871]
[786, 872]
[787, 794]
[787, 796]
[787, 797]
[787, 798]
[787, 805]
[787, 835]
[787, 862]
[787, 863]
[787, 864]
[787, 865]
[787, 867]
[787, 868]
[787, 869]
[787, 870]
[787, 871]
[787, 872]
[789, 794]
[789, 796]
[789, 797]
[789, 798]
[789, 805]
[789, 835]
[789, 862]
[789, 863]
[789, 864]
[789, 865]
[789, 867]
[789, 868]
[789, 869]
[789, 870]
[789, 871]
[789, 872]
[790, 794]
[790, 796]
[790, 797]
[790, 798]
[790, 805]
[790, 835]
[790, 862]
[790, 863]
[790, 864]
[790, 865]
[790, 867]
[790, 868]
[790, 869]
[790, 870]
[790, 871]
[790, 872]
[792, 846]
[792, 850]
[792, 856]
[793, 846]
[793, 850]
[793, 856]
[794, 862]
[794, 863]
[794, 864]
[794, 865]
[794, 867]
[794, 868]
[794, 869]
[794, 870]
[794, 871]
[794, 872]
[808, 833]
[808, 846]
[808, 850]
[808, 856]
[809, 833]
[809, 846]
[809, 850]
[809, 856]
[809, 944]
[809, 945]
[809, 946]
[809, 947]
[812, 833]
[812, 846]
[812, 850]
[812, 856]
[813, 833]
[813, 846]
[813, 850]
[813, 856]
[815, 833]
[815, 846]
[815, 850]
[815, 856]
[816, 833]
[816, 846]
[816, 850]
[816, 856]
[833, 846]
[833, 850]
[833, 856]
[834, 846]
[834, 850]
[834, 856]
[834, 939]
[834, 942]
[834, 943]
[834, 944]
[834, 945]
[834, 946]
[834, 947]
[834, 949]
[834, 950]
[834, 951]
[834, 953]
[834, 955]
[834, 956]
[835, 862]
[835, 863]
[835, 864]
[835, 865]
[835, 867]
[835, 868]
[835, 869]
[835, 870]
[835, 871]
[835, 872]
[836, 862]
[836, 863]
[836, 864]
[836, 865]
[836, 867]
[836, 868]
[836, 869]
[836, 870]
[836, 871]
[836, 872]
[837, 862]
[837, 863]
[837, 864]
[837, 865]
[837, 867]
[837, 868]
[837, 869]
[837, 870]
[837, 871]
[837, 872]
[839, 860]
[839, 862]
[839, 863]
[839, 864]
[839, 865]
[839, 867]
[839, 868]
[839, 869]
[839, 870]
[839, 871]
[839, 872]
[841, 860]
[841, 862]
[841, 863]
[841, 864]
[841, 865]
[841, 867]
[841, 868]
[841, 869]
[841, 870]
[841, 871]
[841, 872]
[842, 860]
[842, 862]
[842, 863]
[842, 864]
[842, 865]
[842, 867]
[842, 868]
[842, 869]
[842, 870]
[842, 871]
[842, 872]
[844, 845]
[844, 847]
[844, 849]
[844, 853]
[844, 857]
[846, 939]
[846, 942]
[846, 943]
[846, 944]
[846, 945]
[846, 946]
[846, 947]
[846, 949]
[846, 950]
[846, 951]
[846, 953]
[846, 955]
[846, 956]
[850, 939]
[850, 942]
[850, 943]
[850, 944]
[850, 945]
[850, 946]
[850, 947]
[850, 949]
[850, 950]
[850, 951]
[850, 953]
[850, 955]
[850, 956]
[856, 939]
[856, 942]
[856, 943]
[856, 944]
[856, 945]
[856, 946]
[856, 947]
[856, 949]
[856, 950]
[856, 951]
[856, 953]
[856, 955]
[856, 956]
[858, 868]
[878, 884]
[878, 887]
[878, 888]
[878, 890]
[878, 891]
[878, 892]
[878, 896]
[878, 897]
[878, 898]
[878, 908]
[878, 909]
[878, 911]
[878, 914]
[878, 915]
[878, 916]
[878, 917]
[878, 918]
[878, 925]
[880, 884]
[880, 887]
[880, 888]
[880, 890]
[880, 891]
[880, 892]
[880, 896]
[880, 897]
[880, 898]
[880, 908]
[880, 909]
[880, 911]
[880, 914]
[880, 915]
[880, 916]
[880, 917]
[880, 918]
[880, 925]
[882, 884]
[882, 887]
[882, 888]
[882, 890]
[882, 891]
[882, 892]
[882, 896]
[882, 897]
[882, 898]
[882, 908]
[882, 909]
[882, 911]
[882, 914]
[882, 915]
[882, 916]
[882, 917]
[882, 918]
[882, 925]
[883, 884]
[883, 887]
[883, 888]
[883, 890]
[883, 891]
[883, 892]
[883, 896]
[883, 897]
[883, 898]
[883, 908]
[883, 909]
[883, 911]
[883, 914]
[883, 915]
[883, 916]
[883, 917]
[883, 918]
[883, 925]
[884, 890]
[884, 891]
[884, 892]
[884, 896]
[884, 897]
[884, 898]
[884, 907]
[884, 908]
[884, 909]
[884, 910]
[884, 911]
[884, 913]
[884, 914]
[884, 915]
[884, 916]
[884, 917]
[884, 918]
[884, 920]
[884, 921]
[884, 922]
[884, 924]
[884, 925]
[884, 926]
[887, 890]
[887, 891]
[887, 892]
[887, 896]
[887, 897]
[887, 898]
[887, 907]
[887, 908]
[887, 909]
[887, 910]
[887, 911]
[887, 913]
[887, 914]
[887, 915]
[887, 916]
[887, 917]
[887, 918]
[887, 920]
[887, 921]
[887, 922]
[887, 924]
[887, 925]
[887, 926]
[888, 890]
[888, 891]
[888, 892]
[888, 896]
[888, 897]
[888, 898]
[888, 907]
[888, 908]
[888, 909]
[888, 910]
[888, 911]
[888, 913]
[888, 914]
[888, 915]
[888, 916]
[888, 917]
[888, 918]
[888, 920]
[888, 921]
[888, 922]
[888, 924]
[888, 925]
[888, 926]
[890, 896]
[890, 897]
[890, 898]
[890, 907]
[890, 908]
[890, 909]
[890, 910]
[890, 911]
[890, 913]
[890, 914]
[890, 915]
[890, 916]
[890, 917]
[890, 918]
[890, 920]
[890, 921]
[890, 922]
[890, 924]
[890, 925]
[890, 926]
[891, 896]
[891, 897]
[891, 898]
[891, 907]
[891, 908]
[891, 909]
[891, 910]
[891, 911]
[891, 913]
[891, 914]
[891, 915]
[891, 916]
[891, 917]
[891, 918]
[891, 920]
[891, 921]
[891, 922]
[891, 924]
[891, 925]
[891, 926]
[892, 896]
[892, 897]
[892, 898]
[892, 907]
[892, 908]
[892, 909]
[892, 910]
[892, 911]
[892, 913]
[892, 914]
[892, 915]
[892, 916]
[892, 917]
[892, 918]
[892, 920]
[892, 921]
[892, 922]
[892, 924]
[892, 925]
[892, 926]
[896, 907]
[896, 908]
[896, 909]
[896, 910]
[896, 911]
[896, 913]
[896, 914]
[896, 915]
[896, 916]
[896, 917]
[896, 918]
[896, 920]
[896, 921]
[896, 922]
[896, 924]
[896, 925]
[896, 926]
[897, 907]
[897, 908]
[897, 909]
[897, 910]
[897, 911]
[897, 913]
[897, 914]
[897, 915]
[897, 916]
[897, 917]
[897, 918]
[897, 920]
[897, 921]
[897, 922]
[897, 924]
[897, 925]
[897, 926]
[898, 907]
[898, 908]
[898, 909]
[898, 910]
[898, 911]
[898, 913]
[898, 914]
[898, 915]
[898, 916]
[898, 917]
[898, 918]
[898, 920]
[898, 921]
[898, 922]
[898, 924]
[898, 925]
[898, 926]
[908, 913]
[908, 914]
[908, 915]
[908, 916]
[908, 917]
[908, 918]
[908, 920]
[908, 921]
[908, 922]
[908, 924]
[908, 925]
[908, 926]
[909, 913]
[909, 914]
[909, 915]
[909, 916]
[909, 917]
[909, 918]
[909, 920]
[909, 921]
[909, 922]
[909, 924]
[909, 925]
[909, 926]
[911, 913]
[911, 914]
[911, 915]
[911, 916]
[911, 917]
[911, 918]
[911, 920]
[911, 921]
[911, 922]
[911, 924]
[911, 925]
[911, 926]
[914, 922]
[914, 924]
[914, 926]
[915, 922]
[915, 924]
[915, 926]
[916, 922]
[916, 924]
[916, 926]
[917, 922]
[917, 924]
[917, 926]
[918, 920]
[918, 921]
[918, 922]
[918, 924]
[918, 926]
[920, 922]
[920, 924]
[920, 926]
[921, 922]
[921, 924]
[921, 926]
[927, 930]
[927, 936]
[931, 938]
[939, 944]
[939, 945]
[939, 946]
[939, 947]
[939, 951]
[939, 953]
[939, 955]
[942, 944]
[942, 945]
[942, 946]
[942, 947]
[942, 951]
[942, 953]
[942, 955]
[943, 944]
[943, 945]
[943, 946]
[943, 947]
[943, 951]
[943, 953]
[943, 955]
[944, 949]
[944, 951]
[944, 953]
[944, 955]
[945, 949]
[945, 951]
[945, 953]
[945, 955]
[946, 949]
[946, 951]
[946, 953]
[946, 955]
[947, 949]
[947, 951]
[947, 953]
[947, 955]
[949, 951]
[949, 953]
[949, 955]
[950, 951]
[950, 953]
[950, 955]
[960, 964]
[990, 1013]
[1002, 1005]
[1002, 1006]
[1002, 1007]
[1002, 1009]
[1021, 1023]
[1021, 1826]
[1036, 1041]
[1036, 1042]
[1037, 1041]
[1037, 1042]
[1045, 1049]
[1046, 1049]
[1057, 1069]
[1058, 1085]
[1060, 1085]
[1063, 1085]
[1070, 1081]
[1071, 1085]
[1074, 1080]
[1075, 1079]
[1091, 1291]
[1093, 1291]
[1094, 1126]
[1131, 1203]
[1132, 1203]
[1134, 1267]
[1139, 1208]
[1139, 1209]
[1142, 1147]
[1142, 1148]
[1142, 1150]
[1144, 1147]
[1144, 1148]
[1144, 1150]
[1146, 1147]
[1146, 1148]
[1146, 1150]
[1168, 1203]
[1180, 1201]
[1180, 1202]
[1187, 1201]
[1187, 1202]
[1203, 1235]
[1203, 1251]
[1203, 1261]
[1203, 1264]
[1214, 1227]
[1214, 1228]
[1227, 1261]
[1227, 1264]
[1228, 1234]
[1228, 1261]
[1228, 1264]
[1235, 1261]
[1235, 1264]
[1251, 1261]
[1251, 1264]
[1271, 1283]
[1271, 1286]
[1271, 1287]
[1325, 1391]
[1330, 1360]
[1330, 1361]
[1331, 3560]
[1332, 3560]
[1333, 3560]
[1334, 3561]
[1335, 3561]
[1336, 3561]
[1337, 1343]
[1378, 1383]
[1385, 1387]
[1414, 1417]
[1440, 1445]
[1440, 1446]
[1441, 1445]
[1441, 1446]
[1442, 1445]
[1442, 1446]
[1452, 1456]
[1452, 1458]
[1452, 1460]
[1453, 1456]
[1453, 1458]
[1453, 1460]
[1454, 1456]
[1454, 1458]
[1454, 1460]
[1455, 1456]
[1455, 1458]
[1455, 1460]
[1467, 1473]
[1468, 1473]
[1469, 1476]
[1469, 1477]
[1469, 1479]
[1469, 1481]
[1472, 1476]
[1472, 1477]
[1472, 1479]
[1472, 1481]
[1476, 1477]
[1476, 1479]
[1476, 1481]
[1521, 1536]
[1524, 1527]
[1524, 1528]
[1524, 1529]
[1524, 1533]
[1524, 1534]
[1525, 1536]
[1527, 1533]
[1527, 1534]
[1528, 1533]
[1528, 1534]
[1529, 1533]
[1529, 1534]
[1553, 1557]
[1553, 1576]
[1553, 1577]
[1553, 1578]
[1553, 1580]
[1553, 1582]
[1553, 1583]
[1557, 1576]
[1557, 1577]
[1557, 1578]
[1557, 1580]
[1557, 1582]
[1557, 1583]
[1558, 1576]
[1558, 1577]
[1558, 1578]
[1558, 1580]
[1558, 1582]
[1558, 1583]
[1565, 1570]
[1565, 1572]
[1565, 1573]
[1566, 1570]
[1566, 1572]
[1566, 1573]
[1567, 1570]
[1567, 1572]
[1567, 1573]
[1576, 1578]
[1576, 1580]
[1576, 1582]
[1577, 1578]
[1577, 1580]
[1577, 1582]
[1628, 1634]
[1628, 1641]
[1628, 1642]
[1628, 1644]
[1628, 1646]
[1628, 1647]
[1628, 1652]
[1634, 1641]
[1634, 1642]
[1634, 1644]
[1634, 1646]
[1634, 1647]
[1634, 1652]
[1641, 1642]
[1641, 1644]
[1641, 1646]
[1641, 1652]
[1642, 1652]
[1644, 1652]
[1646, 1652]
[1647, 1652]
[1662, 1668]
[1669, 3551]
[1685, 1736]
[1686, 1737]
[1686, 1738]
[1686, 1739]
[1686, 1741]
[1686, 1742]
[1686, 1743]
[1686, 1744]
[1686, 1745]
[1686, 1746]
[1686, 1747]
[1686, 1748]
[1686, 1749]
[1686, 1750]
[1686, 1751]
[1686, 1753]
[1686, 1754]
[1686, 1755]
[1686, 1756]
[1716, 1723]
[1716, 1724]
[1716, 1725]
[1723, 1724]
[1723, 1725]
[1735, 3553]
[1737, 1746]
[1737, 1747]
[1737, 1748]
[1737, 1749]
[1737, 1750]
[1737, 1751]
[1737, 1753]
[1737, 1754]
[1737, 1755]
[1737, 1756]
[1738, 1739]
[1738, 1741]
[1738, 1743]
[1738, 1746]
[1738, 1747]
[1738, 1748]
[1738, 1749]
[1738, 1750]
[1738, 1751]
[1738, 1753]
[1738, 1754]
[1738, 1755]
[1738, 1756]
[1739, 1746]
[1739, 1747]
[1739, 1748]
[1739, 1749]
[1739, 1750]
[1739, 1751]
[1739, 1753]
[1739, 1754]
[1739, 1755]
[1739, 1756]
[1741, 1746]
[1741, 1747]
[1741, 1748]
[1741, 1749]
[1741, 1750]
[1741, 1751]
[1741, 1753]
[1741, 1754]
[1741, 1755]
[1741, 1756]
[1742, 1745]
[1742, 1746]
[1742, 1747]
[1742, 1748]
[1742, 1749]
[1742, 1750]
[1742, 1751]
[1742, 1753]
[1742, 1754]
[1742, 1755]
[1742, 1756]
[1743, 1746]
[1743, 1747]
[1743, 1748]
[1743, 1749]
[1743, 1750]
[1743, 1751]
[1743, 1753]
[1743, 1754]
[1743, 1755]
[1743, 1756]
[1744, 1746]
[1744, 1747]
[1744, 1748]
[1744, 1749]
[1744, 1750]
[1744, 1751]
[1744, 1753]
[1744, 1754]
[1744, 1755]
[1744, 1756]
[1745, 1746]
[1745, 1747]
[1745, 1748]
[1745, 1749]
[1745, 1750]
[1745, 1751]
[1745, 1753]
[1745, 1754]
[1745, 1755]
[1745, 1756]
[1746, 1747]
[1746, 1749]
[1746, 1750]
[1746, 1751]
[1746, 1753]
[1746, 1754]
[1746, 1755]
[1746, 1756]
[1747, 1750]
[1748, 1750]
[1748, 1751]
[1748, 1753]
[1748, 1754]
[1748, 1755]
[1748, 1756]
[1750, 1751]
[1750, 1753]
[1750, 1755]
[1765, 1818]
[1790, 3548]
[1792, 3562]
[1808, 1810]
[1828, 2958]
[1828, 2959]
[1828, 2960]
[1831, 1836]
[1832, 1836]
[1833, 1836]
[1841, 2346]
[1841, 2351]
[1842, 1861]
[1842, 1862]
[1842, 1897]
[1842, 2346]
[1842, 2351]
[1851, 1856]
[1852, 1856]
[1853, 1856]
[1861, 2346]
[1861, 2351]
[1862, 1897]
[1862, 2346]
[1862, 2351]
[1871, 1876]
[1872, 1876]
[1873, 1876]
[1882, 1897]
[1886, 1891]
[1887, 1891]
[1888, 1891]
[1897, 2346]
[1897, 2351]
[1907, 1912]
[1908, 1912]
[1909, 1912]
[1914, 1919]
[1914, 1925]
[1914, 1927]
[1914, 1929]
[1919, 1925]
[1919, 1927]
[1919, 1929]
[1925, 1930]
[1929, 1930]
[1932, 1936]
[1943, 2040]
[1943, 2041]
[1943, 2042]
[1943, 2043]
[1943, 2044]
[1947, 1963]
[1947, 1965]
[1947, 1967]
[1949, 1963]
[1949, 1965]
[1949, 1967]
[1951, 1963]
[1951, 1965]
[1951, 1967]
[1952, 1957]
[1952, 1959]
[1952, 1961]
[1954, 1957]
[1954, 1959]
[1954, 1961]
[1956, 1957]
[1956, 1959]
[1956, 1961]
[1972, 1973]
[1972, 1975]
[1974, 1983]
[1974, 1985]
[1974, 1993]
[1974, 1994]
[1974, 1995]
[1974, 1997]
[1977, 1978]
[1977, 1979]
[1977, 1980]
[1977, 2806]
[1978, 2805]
[1978, 2806]
[1979, 2805]
[1979, 2806]
[1980, 2805]
[1980, 2806]
[1983, 1993]
[1983, 1994]
[1983, 1995]
[1983, 1997]
[1985, 1993]
[1985, 1994]
[1985, 1995]
[1985, 1997]
[1991, 3179]
[1991, 3180]
[1991, 3187]
[1991, 3188]
[1991, 3190]
[1991, 3192]
[1991, 3193]
[1991, 3194]
[1991, 3195]
[1991, 3197]
[1991, 3198]
[1991, 3199]
[1991, 3200]
[1991, 3202]
[1991, 3203]
[1991, 3204]
[1991, 3205]
[1991, 3207]
[1991, 3208]
[1991, 3210]
[1991, 3213]
[1992, 3179]
[1992, 3180]
[1992, 3187]
[1992, 3188]
[1992, 3190]
[1992, 3192]
[1992, 3193]
[1992, 3194]
[1992, 3195]
[1992, 3197]
[1992, 3198]
[1992, 3199]
[1992, 3200]
[1992, 3202]
[1992, 3203]
[1992, 3204]
[1992, 3205]
[1992, 3207]
[1992, 3208]
[1992, 3210]
[1992, 3213]
[2004, 2011]
[2006, 2011]
[2008, 2011]
[2009, 2011]
[2052, 2057]
[2054, 2057]
[2056, 2057]
[2056, 2059]
[2056, 2061]
[2062, 2064]
[2073, 2138]
[2073, 2139]
[2073, 2159]
[2073, 2160]
[2075, 2138]
[2075, 2139]
[2075, 2140]
[2075, 2141]
[2075, 2143]
[2075, 2159]
[2075, 2160]
[2075, 2206]
[2075, 2208]
[2075, 2209]
[2075, 2210]
[2075, 2224]
[2075, 2289]
[2085, 2421]
[2092, 2102]
[2092, 2103]
[2092, 2104]
[2092, 2105]
[2092, 2106]
[2092, 2107]
[2092, 2133]
[2093, 2102]
[2093, 2103]
[2093, 2104]
[2093, 2105]
[2093, 2106]
[2093, 2107]
[2093, 2133]
[2095, 2102]
[2095, 2103]
[2095, 2104]
[2095, 2105]
[2095, 2106]
[2095, 2107]
[2095, 2133]
[2100, 2102]
[2100, 2103]
[2100, 2104]
[2100, 2105]
[2100, 2106]
[2100, 2107]
[2100, 2133]
[2103, 2133]
[2104, 2133]
[2105, 2133]
[2106, 2133]
[2107, 2133]
[2121, 2129]
[2121, 2131]
[2121, 2420]
[2128, 2129]
[2128, 2131]
[2128, 2420]
[2134, 2420]
[2136, 2154]
[2137, 2154]
[2138, 2159]
[2138, 2160]
[2139, 2159]
[2139, 2160]
[2140, 2206]
[2140, 2208]
[2140, 2224]
[2140, 2289]
[2141, 2206]
[2141, 2208]
[2141, 2224]
[2141, 2289]
[2142, 2154]
[2143, 2206]
[2143, 2208]
[2143, 2209]
[2143, 2210]
[2143, 2224]
[2143, 2289]
[2166, 2189]
[2166, 2238]
[2166, 2240]
[2166, 2241]
[2166, 2243]
[2167, 2189]
[2167, 2238]
[2167, 2240]
[2167, 2241]
[2167, 2243]
[2168, 2189]
[2168, 2238]
[2168, 2240]
[2168, 2241]
[2168, 2243]
[2178, 2185]
[2178, 2186]
[2178, 2190]
[2178, 2250]
[2185, 2250]
[2186, 2250]
[2187, 2192]
[2188, 2192]
[2190, 2250]
[2192, 2193]
[2192, 2246]
[2192, 2323]
[2194, 2246]
[2194, 2323]
[2195, 2230]
[2195, 2231]
[2195, 2232]
[2195, 2247]
[2196, 2230]
[2196, 2231]
[2196, 2232]
[2196, 2247]
[2197, 2230]
[2197, 2231]
[2197, 2232]
[2197, 2247]
[2201, 2230]
[2201, 2231]
[2201, 2232]
[2201, 2247]
[2206, 2208]
[2206, 2209]
[2206, 2210]
[2206, 2224]
[2206, 2289]
[2210, 2224]
[2210, 2289]
[2224, 2289]
[2229, 2230]
[2229, 2231]
[2229, 2232]
[2229, 2247]
[2230, 2247]
[2231, 2247]
[2232, 2247]
[2235, 2240]
[2235, 2241]
[2235, 2243]
[2245, 2246]
[2251, 2264]
[2265, 2275]
[2265, 2277]
[2265, 2279]
[2268, 2275]
[2268, 2277]
[2268, 2279]
[2270, 2275]
[2271, 2275]
[2272, 2275]
[2272, 2277]
[2272, 2279]
[2275, 2281]
[2277, 2281]
[2279, 2281]
[2291, 2296]
[2291, 2297]
[2291, 2299]
[2291, 2301]
[2291, 2308]
[2310, 2315]
[2310, 2321]
[2310, 2322]
[2310, 2324]
[2311, 2318]
[2313, 2318]
[2315, 2320]
[2315, 2321]
[2315, 2322]
[2315, 2324]
[2316, 2320]
[2331, 2336]
[2332, 2336]
[2333, 2336]
[2359, 2364]
[2360, 2364]
[2361, 2364]
[2370, 2383]
[2375, 2378]
[2389, 2394]
[2390, 2393]
[2404, 2409]
[2405, 2409]
[2406, 2409]
[2415, 2416]
[2415, 2418]
[2422, 2428]
[2422, 2429]
[2422, 2430]
[2422, 2431]
[2422, 2432]
[2422, 2446]
[2422, 2447]
[2422, 2448]
[2422, 2449]
[2422, 2450]
[2423, 2428]
[2423, 2429]
[2423, 2430]
[2423, 2431]
[2423, 2432]
[2423, 2446]
[2423, 2447]
[2423, 2448]
[2423, 2449]
[2423, 2450]
[2424, 2428]
[2424, 2429]
[2424, 2430]
[2424, 2431]
[2424, 2432]
[2424, 2446]
[2424, 2447]
[2424, 2448]
[2424, 2449]
[2424, 2450]
[2425, 2428]
[2425, 2429]
[2425, 2430]
[2425, 2431]
[2425, 2432]
[2425, 2446]
[2425, 2447]
[2425, 2448]
[2425, 2449]
[2425, 2450]
[2426, 2428]
[2426, 2429]
[2426, 2430]
[2426, 2431]
[2426, 2432]
[2426, 2446]
[2426, 2447]
[2426, 2448]
[2426, 2449]
[2426, 2450]
[2428, 2446]
[2428, 2447]
[2428, 2448]
[2428, 2449]
[2428, 2450]
[2429, 2446]
[2429, 2447]
[2429, 2448]
[2429, 2449]
[2429, 2450]
[2430, 2446]
[2430, 2447]
[2430, 2448]
[2430, 2449]
[2430, 2450]
[2431, 2446]
[2431, 2447]
[2431, 2448]
[2431, 2449]
[2431, 2450]
[2432, 2446]
[2432, 2447]
[2432, 2448]
[2432, 2449]
[2432, 2450]
[2433, 2438]
[2434, 2438]
[2435, 2438]
[2452, 2457]
[2453, 2457]
[2454, 2457]
[2463, 2473]
[2463, 2504]
[2463, 2505]
[2473, 2504]
[2473, 2505]
[2476, 2481]
[2477, 2484]
[2479, 2484]
[2479, 2490]
[2479, 2494]
[2480, 2483]
[2480, 2485]
[2480, 2489]
[2481, 2486]
[2482, 2486]
[2484, 2490]
[2484, 2494]
[2485, 2489]
[2486, 2503]
[2489, 2497]
[2490, 2494]
[2491, 2495]
[2518, 2523]
[2519, 2523]
[2520, 2523]
[2528, 2540]
[2528, 2558]
[2528, 2559]
[2528, 2560]
[2528, 2571]
[2528, 2572]
[2529, 2539]
[2529, 2578]
[2529, 2582]
[2539, 2578]
[2539, 2582]
[2540, 2558]
[2540, 2559]
[2540, 2560]
[2540, 2571]
[2540, 2572]
[2542, 2565]
[2543, 2565]
[2544, 2565]
[2547, 2552]
[2547, 2568]
[2548, 2552]
[2548, 2568]
[2549, 2568]
[2552, 2562]
[2552, 2564]
[2552, 2566]
[2552, 2569]
[2553, 2558]
[2553, 2561]
[2553, 2570]
[2554, 2558]
[2554, 2561]
[2554, 2570]
[2555, 2561]
[2555, 2570]
[2558, 2559]
[2558, 2560]
[2558, 2571]
[2558, 2572]
[2559, 2572]
[2560, 2572]
[2561, 2570]
[2562, 2564]
[2562, 2566]
[2562, 2569]
[2571, 2572]
[2578, 2582]
[2595, 2688]
[2595, 2835]
[2595, 2836]
[2595, 2838]
[2595, 2843]
[2596, 2689]
[2596, 2692]
[2634, 2651]
[2644, 2652]
[2645, 2652]
[2646, 2651]
[2647, 2651]
[2656, 2661]
[2656, 2662]
[2656, 2663]
[2656, 2665]
[2656, 2667]
[2657, 2661]
[2657, 2662]
[2657, 2663]
[2657, 2665]
[2657, 2667]
[2672, 2680]
[2672, 2681]
[2672, 2682]
[2672, 2683]
[2672, 2684]
[2680, 2683]
[2680, 2684]
[2681, 2683]
[2681, 2684]
[2688, 2835]
[2688, 2836]
[2688, 2838]
[2688, 2843]
[2689, 3177]
[2692, 3177]
[2694, 2835]
[2694, 2836]
[2694, 2838]
[2695, 2696]
[2695, 2698]
[2695, 2700]
[2695, 2835]
[2695, 2836]
[2695, 2838]
[2696, 2835]
[2696, 2836]
[2696, 2838]
[2698, 2835]
[2698, 2836]
[2698, 2838]
[2699, 2702]
[2700, 2835]
[2700, 2836]
[2700, 2838]
[2701, 2835]
[2701, 2836]
[2701, 2838]
[2703, 2835]
[2703, 2836]
[2703, 2838]
[2706, 2713]
[2706, 2714]
[2706, 2715]
[2706, 2717]
[2706, 2719]
[2706, 2845]
[2706, 2876]
[2708, 2713]
[2708, 2714]
[2708, 2715]
[2708, 2717]
[2708, 2719]
[2708, 2845]
[2708, 2876]
[2709, 2713]
[2709, 2714]
[2709, 2715]
[2709, 2717]
[2709, 2719]
[2709, 2845]
[2709, 2876]
[2711, 2721]
[2713, 2845]
[2713, 2876]
[2714, 2845]
[2714, 2876]
[2715, 2845]
[2715, 2876]
[2717, 2845]
[2717, 2876]
[2718, 2721]
[2719, 2845]
[2719, 2876]
[2720, 2845]
[2720, 2876]
[2722, 2845]
[2722, 2876]
[2723, 2728]
[2724, 2728]
[2725, 2728]
[2733, 2750]
[2733, 2768]
[2733, 2769]
[2733, 2770]
[2733, 2781]
[2734, 2749]
[2734, 2788]
[2734, 2789]
[2734, 2791]
[2734, 2795]
[2749, 2788]
[2749, 2789]
[2749, 2791]
[2749, 2795]
[2750, 2768]
[2750, 2769]
[2750, 2770]
[2750, 2781]
[2757, 2762]
[2757, 2772]
[2757, 2774]
[2757, 2776]
[2757, 2778]
[2758, 2762]
[2758, 2772]
[2758, 2774]
[2758, 2776]
[2758, 2778]
[2759, 2762]
[2759, 2772]
[2759, 2774]
[2759, 2776]
[2759, 2778]
[2759, 2779]
[2762, 2772]
[2762, 2774]
[2762, 2776]
[2762, 2778]
[2762, 2779]
[2763, 2768]
[2763, 2771]
[2763, 2780]
[2764, 2768]
[2764, 2771]
[2764, 2780]
[2765, 2771]
[2765, 2780]
[2768, 2769]
[2768, 2770]
[2768, 2781]
[2771, 2780]
[2772, 2774]
[2772, 2776]
[2772, 2778]
[2772, 2779]
[2788, 2791]
[2809, 2813]
[2818, 2878]
[2818, 2881]
[2821, 2877]
[2821, 2878]
[2821, 2881]
[2821, 2882]
[2825, 2830]
[2825, 2832]
[2825, 2834]
[2827, 2834]
[2829, 2834]
[2831, 2878]
[2831, 2882]
[2835, 2840]
[2835, 2841]
[2835, 2843]
[2835, 2846]
[2835, 2848]
[2835, 2850]
[2835, 2851]
[2835, 2852]
[2835, 2854]
[2835, 2857]
[2835, 2858]
[2835, 2859]
[2835, 2867]
[2835, 2874]
[2836, 2840]
[2836, 2841]
[2836, 2843]
[2836, 2852]
[2836, 2854]
[2836, 2858]
[2836, 2867]
[2836, 2874]
[2838, 2840]
[2838, 2841]
[2838, 2843]
[2838, 2852]
[2838, 2854]
[2838, 2858]
[2838, 2867]
[2838, 2874]
[2840, 2845]
[2841, 2845]
[2842, 2845]
[2843, 2852]
[2843, 2854]
[2843, 2858]
[2845, 2876]
[2846, 2851]
[2847, 2875]
[2856, 2875]
[2861, 2864]
[2861, 2866]
[2862, 2867]
[2863, 2867]
[2867, 2874]
[2870, 2873]
[2877, 2882]
[2878, 2881]
[2878, 2882]
[2879, 2883]
[2880, 2883]
[2880, 2884]
[2905, 2909]
[2905, 2910]
[2905, 2911]
[2905, 2912]
[2905, 2913]
[2928, 2962]
[2929, 2934]
[2929, 2935]
[2929, 2936]
[2929, 2940]
[2929, 2942]
[2929, 2943]
[2929, 2947]
[2930, 2934]
[2930, 2935]
[2930, 2936]
[2930, 2940]
[2930, 2942]
[2930, 2943]
[2930, 2947]
[2931, 2934]
[2931, 2935]
[2931, 2936]
[2931, 2940]
[2931, 2942]
[2931, 2943]
[2931, 2947]
[2934, 2940]
[2934, 2942]
[2934, 2943]
[2934, 2947]
[2935, 2940]
[2935, 2942]
[2935, 2943]
[2935, 2947]
[2936, 2940]
[2936, 2942]
[2936, 2943]
[2936, 2947]
[2940, 2947]
[2942, 2947]
[2943, 2947]
[2953, 2962]
[2956, 2962]
[2969, 2973]
[2984, 2996]
[2991, 2994]
[2991, 2995]
[2998, 3029]
[2998, 3030]
[2998, 3031]
[2998, 3032]
[2998, 3034]
[2998, 3035]
[2998, 3036]
[2998, 3037]
[2999, 3027]
[2999, 3028]
[2999, 3029]
[2999, 3030]
[2999, 3035]
[2999, 3039]
[2999, 3042]
[2999, 3045]
[2999, 3046]
[2999, 3047]
[2999, 3048]
[3000, 3027]
[3000, 3028]
[3000, 3029]
[3000, 3030]
[3000, 3035]
[3000, 3039]
[3000, 3042]
[3000, 3045]
[3000, 3046]
[3000, 3047]
[3000, 3048]
[3001, 3027]
[3001, 3028]
[3001, 3029]
[3001, 3030]
[3001, 3035]
[3001, 3039]
[3001, 3042]
[3001, 3045]
[3001, 3046]
[3001, 3047]
[3001, 3048]
[3002, 3027]
[3002, 3028]
[3002, 3029]
[3002, 3030]
[3002, 3035]
[3002, 3039]
[3002, 3042]
[3002, 3045]
[3002, 3046]
[3002, 3047]
[3002, 3048]
[3003, 3027]
[3003, 3028]
[3003, 3029]
[3003, 3030]
[3003, 3035]
[3003, 3039]
[3003, 3042]
[3003, 3045]
[3003, 3046]
[3003, 3047]
[3003, 3048]
[3012, 3013]
[3012, 3015]
[3012, 3017]
[3012, 3018]
[3027, 3042]
[3027, 3045]
[3027, 3046]
[3027, 3047]
[3028, 3042]
[3028, 3045]
[3028, 3046]
[3028, 3047]
[3029, 3032]
[3029, 3034]
[3029, 3036]
[3029, 3042]
[3029, 3045]
[3029, 3046]
[3029, 3047]
[3030, 3032]
[3030, 3034]
[3030, 3036]
[3030, 3042]
[3030, 3045]
[3030, 3046]
[3030, 3047]
[3031, 3032]
[3031, 3034]
[3031, 3036]
[3031, 3042]
[3031, 3045]
[3031, 3046]
[3031, 3047]
[3032, 3042]
[3032, 3045]
[3032, 3046]
[3032, 3047]
[3034, 3042]
[3034, 3045]
[3034, 3046]
[3034, 3047]
[3035, 3042]
[3035, 3045]
[3035, 3046]
[3035, 3047]
[3036, 3042]
[3036, 3045]
[3036, 3046]
[3036, 3047]
[3037, 3042]
[3037, 3045]
[3037, 3046]
[3037, 3047]
[3063, 3066]
[3063, 3067]
[3063, 3068]
[3063, 3069]
[3063, 3070]
[3063, 3071]
[3063, 3072]
[3063, 3073]
[3063, 3077]
[3067, 3077]
[3068, 3077]
[3069, 3077]
[3070, 3077]
[3071, 3077]
[3072, 3077]
[3073, 3077]
[3083, 3084]
[3083, 3086]
[3083, 3088]
[3102, 3165]
[3102, 3166]
[3102, 3168]
[3102, 3170]
[3102, 3171]
[3102, 3173]
[3102, 3174]
[3102, 3175]
[3106, 3165]
[3106, 3166]
[3106, 3168]
[3106, 3170]
[3106, 3171]
[3106, 3173]
[3106, 3174]
[3106, 3175]
[3111, 3114]
[3111, 3117]
[3111, 3118]
[3111, 3160]
[3111, 3161]
[3111, 3162]
[3111, 3164]
[3111, 3176]
[3114, 3160]
[3114, 3161]
[3114, 3162]
[3114, 3164]
[3114, 3176]
[3115, 3119]
[3117, 3160]
[3117, 3161]
[3117, 3162]
[3117, 3164]
[3117, 3176]
[3118, 3160]
[3118, 3161]
[3118, 3162]
[3118, 3164]
[3118, 3176]
[3120, 3125]
[3120, 3128]
[3120, 3129]
[3120, 3151]
[3120, 3152]
[3120, 3153]
[3120, 3155]
[3120, 3156]
[3120, 3157]
[3120, 3158]
[3120, 3159]
[3121, 3131]
[3121, 3132]
[3121, 3133]
[3121, 3134]
[3121, 3135]
[3121, 3136]
[3121, 3142]
[3121, 3143]
[3121, 3144]
[3121, 3146]
[3121, 3147]
[3121, 3148]
[3121, 3149]
[3121, 3150]
[3122, 3125]
[3122, 3128]
[3122, 3129]
[3124, 3125]
[3124, 3128]
[3124, 3129]
[3125, 3151]
[3125, 3152]
[3125, 3153]
[3125, 3155]
[3125, 3156]
[3125, 3157]
[3125, 3158]
[3125, 3159]
[3126, 3137]
[3126, 3141]
[3128, 3130]
[3129, 3130]
[3130, 3139]
[3130, 3140]
[3132, 3136]
[3132, 3142]
[3132, 3143]
[3132, 3144]
[3132, 3146]
[3132, 3147]
[3132, 3148]
[3132, 3149]
[3132, 3150]
[3133, 3136]
[3133, 3139]
[3133, 3140]
[3133, 3142]
[3133, 3143]
[3133, 3144]
[3133, 3146]
[3133, 3147]
[3133, 3148]
[3133, 3149]
[3133, 3150]
[3134, 3136]
[3134, 3142]
[3134, 3143]
[3134, 3144]
[3134, 3146]
[3134, 3147]
[3134, 3148]
[3134, 3149]
[3134, 3150]
[3136, 3142]
[3136, 3143]
[3136, 3144]
[3136, 3146]
[3136, 3147]
[3136, 3148]
[3136, 3149]
[3136, 3150]
[3137, 3141]
[3139, 3141]
[3140, 3141]
[3165, 3166]
[3165, 3168]
[3165, 3170]
[3165, 3171]
[3165, 3173]
[3165, 3174]
[3172, 3176]
[3187, 3197]
[3187, 3198]
[3187, 3199]
[3187, 3200]
[3187, 3202]
[3187, 3203]
[3187, 3204]
[3187, 3205]
[3187, 3207]
[3187, 3208]
[3187, 3210]
[3187, 3213]
[3188, 3197]
[3188, 3198]
[3188, 3199]
[3188, 3200]
[3188, 3202]
[3188, 3203]
[3188, 3204]
[3188, 3205]
[3188, 3207]
[3188, 3208]
[3188, 3210]
[3188, 3213]
[3190, 3192]
[3190, 3193]
[3190, 3194]
[3190, 3195]
[3190, 3197]
[3190, 3198]
[3190, 3199]
[3190, 3200]
[3190, 3202]
[3190, 3203]
[3190, 3204]
[3190, 3205]
[3190, 3207]
[3190, 3208]
[3190, 3210]
[3190, 3213]
[3192, 3197]
[3192, 3202]
[3192, 3207]
[3193, 3197]
[3193, 3198]
[3193, 3199]
[3193, 3200]
[3193, 3202]
[3193, 3203]
[3193, 3204]
[3193, 3205]
[3193, 3207]
[3193, 3208]
[3193, 3210]
[3193, 3213]
[3194, 3197]
[3194, 3198]
[3194, 3199]
[3194, 3200]
[3194, 3202]
[3194, 3203]
[3194, 3204]
[3194, 3205]
[3194, 3207]
[3194, 3208]
[3194, 3210]
[3194, 3213]
[3195, 3197]
[3195, 3198]
[3195, 3199]
[3195, 3200]
[3195, 3202]
[3195, 3203]
[3195, 3204]
[3195, 3205]
[3195, 3207]
[3195, 3208]
[3195, 3210]
[3195, 3213]
[3197, 3202]
[3197, 3207]
[3198, 3202]
[3198, 3203]
[3198, 3204]
[3198, 3205]
[3198, 3207]
[3198, 3208]
[3198, 3210]
[3198, 3213]
[3199, 3202]
[3199, 3203]
[3199, 3204]
[3199, 3205]
[3199, 3207]
[3199, 3208]
[3199, 3210]
[3199, 3213]
[3200, 3202]
[3200, 3203]
[3200, 3204]
[3200, 3205]
[3200, 3207]
[3200, 3208]
[3200, 3210]
[3200, 3213]
[3202, 3207]
[3203, 3207]
[3203, 3208]
[3203, 3210]
[3203, 3213]
[3204, 3207]
[3204, 3208]
[3204, 3210]
[3204, 3213]
[3205, 3207]
[3205, 3208]
[3205, 3210]
[3205, 3213]
[3208, 3213]
[3210, 3213]
[3216, 3223]
[3216, 3241]
[3218, 3223]
[3218, 3241]
[3220, 3223]
[3220, 3241]
[3226, 3239]
[3227, 3232]
[3227, 3233]
[3227, 3234]
[3227, 3235]
[3227, 3238]
[3229, 3239]
[3232, 3233]
[3232, 3234]
[3232, 3235]
[3232, 3238]
[3233, 3238]
[3234, 3238]
[3235, 3238]
[3262, 3304]
[3262, 3305]
[3262, 3307]
[3262, 3315]
[3264, 3269]
[3264, 3467]
[3264, 3468]
[3264, 3469]
[3264, 3471]
[3264, 3472]
[3264, 3473]
[3264, 3474]
[3266, 3269]
[3266, 3467]
[3266, 3468]
[3266, 3469]
[3266, 3471]
[3266, 3472]
[3266, 3473]
[3266, 3474]
[3268, 3269]
[3268, 3467]
[3268, 3468]
[3268, 3469]
[3268, 3471]
[3268, 3472]
[3268, 3473]
[3268, 3474]
[3269, 3467]
[3269, 3468]
[3269, 3469]
[3269, 3471]
[3269, 3472]
[3269, 3473]
[3269, 3474]
[3273, 3467]
[3273, 3468]
[3273, 3469]
[3273, 3471]
[3273, 3472]
[3273, 3473]
[3273, 3474]
[3282, 3287]
[3283, 3288]
[3284, 3289]
[3284, 3291]
[3285, 3288]
[3298, 3301]
[3306, 3310]
[3306, 3311]
[3306, 3312]
[3306, 3313]
[3316, 3322]
[3316, 3323]
[3316, 3324]
[3318, 3322]
[3318, 3323]
[3318, 3324]
[3320, 3322]
[3320, 3323]
[3320, 3324]
[3337, 3339]
[3340, 3480]
[3340, 3483]
[3342, 3484]
[3343, 3480]
[3343, 3483]
[3349, 3351]
[3367, 3369]
[3367, 3370]
[3401, 3411]
[3401, 3412]
[3401, 3413]
[3401, 3415]
[3401, 3418]
[3401, 3419]
[3401, 3420]
[3404, 3411]
[3404, 3412]
[3404, 3413]
[3404, 3415]
[3404, 3418]
[3404, 3419]
[3404, 3420]
[3405, 3411]
[3405, 3412]
[3405, 3413]
[3405, 3415]
[3405, 3418]
[3405, 3419]
[3405, 3420]
[3411, 3420]
[3412, 3420]
[3413, 3420]
[3415, 3420]
[3418, 3420]
[3419, 3420]
[3427, 3450]
[3429, 3450]
[3433, 3437]
[3433, 3438]
[3433, 3439]
[3433, 3440]
[3443, 3450]
[3456, 3460]
[3456, 3463]
[3468, 3471]
[3478, 3484]
[3479, 3481]
[3484, 3488]
[3491, 3493]
[3507, 3524]
[3507, 3525]
[3507, 3526]
[3508, 3524]
[3508, 3525]
[3508, 3526]
[3509, 3524]
[3509, 3525]
[3509, 3526]
[3512, 3525]
[3512, 3526]
[3644, 3649]
[3644, 3650]
[3644, 3651]
[3644, 3669]
[3644, 3670]
[3644, 3671]
[3644, 3674]
[3644, 3675]
[3644, 3676]
[3644, 3694]
[3644, 3695]
[3644, 3696]
[3645, 3649]
[3645, 3650]
[3645, 3651]
[3645, 3669]
[3645, 3670]
[3645, 3671]
[3645, 3674]
[3645, 3675]
[3645, 3676]
[3645, 3694]
[3645, 3695]
[3645, 3696]
[3646, 3649]
[3646, 3650]
[3646, 3651]
[3646, 3669]
[3646, 3670]
[3646, 3671]
[3646, 3674]
[3646, 3675]
[3646, 3676]
[3646, 3694]
[3646, 3695]
[3646, 3696]
[3649, 3669]
[3649, 3670]
[3649, 3671]
[3649, 3674]
[3649, 3675]
[3649, 3676]
[3649, 3694]
[3649, 3695]
[3649, 3696]
[3650, 3669]
[3650, 3670]
[3650, 3671]
[3650, 3674]
[3650, 3675]
[3650, 3676]
[3650, 3694]
[3650, 3695]
[3650, 3696]
[3651, 3669]
[3651, 3670]
[3651, 3671]
[3651, 3674]
[3651, 3675]
[3651, 3676]
[3651, 3694]
[3651, 3695]
[3651, 3696]
[3669, 3674]
[3669, 3675]
[3669, 3676]
[3669, 3694]
[3669, 3695]
[3669, 3696]
[3670, 3674]
[3670, 3675]
[3670, 3676]
[3670, 3694]
[3670, 3695]
[3670, 3696]
[3671, 3674]
[3671, 3675]
[3671, 3676]
[3671, 3694]
[3671, 3695]
[3671, 3696]
[3674, 3694]
[3674, 3695]
[3674, 3696]
[3675, 3694]
[3675, 3695]
[3675, 3696]
[3676, 3694]
[3676, 3695]
[3676, 3696]
