[51, 53]
[55, 56]
[55, 57]
[62, 63]
[66, 81]
[67, 72]
[67, 73]
[67, 74]
[67, 76]
[67, 78]
[67, 79]
[67, 80]
[68, 72]
[68, 73]
[68, 74]
[68, 76]
[68, 77]
[68, 78]
[68, 79]
[68, 80]
[69, 72]
[69, 73]
[69, 74]
[69, 76]
[69, 78]
[69, 79]
[69, 80]
[71, 78]
[71, 79]
[71, 80]
[71, 82]
[76, 77]
[76, 78]
[76, 79]
[76, 80]
[76, 82]
[77, 79]
[77, 80]
[77, 82]
[78, 79]
[78, 80]
[78, 82]
[79, 80]
[79, 82]
[81, 82]
[83, 84]
[83, 85]
[83, 87]
[83, 89]
[83, 90]
[83, 91]
[84, 91]
[85, 91]
[87, 91]
[89, 91]
[90, 91]
[100, 105]
[100, 110]
[102, 110]
[103, 110]
[104, 108]
[115, 120]
[115, 125]
[117, 125]
[118, 125]
[119, 123]
[132, 134]
[133, 135]
[133, 137]
[133, 139]
[133, 140]
[133, 141]
[133, 142]
[134, 135]
[135, 136]
[135, 137]
[135, 139]
[135, 140]
[135, 141]
[135, 142]
[136, 140]
[143, 144]
[143, 145]
[143, 147]
[143, 148]
[143, 149]
[143, 150]
[143, 151]
[144, 148]
[144, 151]
[145, 151]
[147, 151]
[149, 151]
[150, 151]
[199, 207]
[200, 201]
[200, 202]
[200, 203]
[200, 204]
[200, 205]
[200, 208]
[201, 202]
[201, 203]
[201, 204]
[201, 205]
[201, 208]
[202, 203]
[202, 204]
[202, 205]
[202, 208]
[203, 204]
[203, 205]
[203, 208]
[204, 205]
[204, 208]
[205, 208]
[206, 208]
[207, 208]
[211, 212]
[211, 213]
[212, 213]
[213, 214]
[214, 215]
[215, 216]
[216, 217]
[217, 218]
[218, 219]
[219, 220]
[220, 221]
[221, 222]
[222, 223]
[245, 246]
[249, 250]
[249, 251]
[250, 252]
[251, 252]
[259, 269]
[260, 269]
[261, 269]
[268, 272]
[297, 361]
[297, 364]
[297, 365]
[297, 366]
[297, 367]
[297, 368]
[297, 369]
[297, 371]
[297, 373]
[297, 374]
[297, 376]
[297, 377]
[297, 378]
[297, 379]
[297, 380]
[297, 381]
[297, 384]
[297, 386]
[297, 387]
[297, 389]
[297, 390]
[297, 391]
[297, 392]
[297, 393]
[297, 394]
[297, 527]
[298, 361]
[298, 364]
[298, 365]
[298, 366]
[298, 367]
[298, 368]
[298, 369]
[298, 371]
[298, 373]
[298, 374]
[298, 376]
[298, 377]
[298, 378]
[298, 379]
[298, 380]
[298, 381]
[298, 384]
[298, 386]
[298, 387]
[298, 389]
[298, 390]
[298, 391]
[298, 392]
[298, 393]
[298, 394]
[298, 527]
[299, 361]
[299, 364]
[299, 365]
[299, 366]
[299, 367]
[299, 368]
[299, 369]
[299, 371]
[299, 373]
[299, 374]
[299, 376]
[299, 377]
[299, 378]
[299, 379]
[299, 380]
[299, 381]
[299, 384]
[299, 386]
[299, 387]
[299, 389]
[299, 390]
[299, 391]
[299, 392]
[299, 393]
[299, 394]
[299, 527]
[300, 361]
[300, 364]
[300, 365]
[300, 366]
[300, 367]
[300, 368]
[300, 369]
[300, 371]
[300, 373]
[300, 374]
[300, 376]
[300, 377]
[300, 378]
[300, 379]
[300, 380]
[300, 381]
[300, 384]
[300, 386]
[300, 387]
[300, 389]
[300, 390]
[300, 391]
[300, 392]
[300, 393]
[300, 394]
[300, 527]
[301, 361]
[301, 364]
[301, 365]
[301, 366]
[301, 367]
[301, 368]
[301, 369]
[301, 371]
[301, 373]
[301, 374]
[301, 376]
[301, 377]
[301, 378]
[301, 379]
[301, 380]
[301, 381]
[301, 384]
[301, 386]
[301, 387]
[301, 389]
[301, 390]
[301, 391]
[301, 392]
[301, 393]
[301, 394]
[301, 527]
[319, 321]
[319, 324]
[320, 321]
[320, 324]
[440, 441]
[440, 442]
[441, 442]
[445, 446]
[459, 460]
[459, 461]
[459, 464]
[478, 479]
[480, 493]
[481, 493]
[483, 493]
[510, 535]
[510, 538]
[512, 535]
[512, 538]
[513, 535]
[513, 538]
[515, 516]
[515, 517]
[515, 518]
[515, 519]
[515, 520]
[515, 521]
[515, 522]
[515, 534]
[515, 535]
[515, 536]
[515, 538]
[516, 520]
[516, 521]
[516, 522]
[516, 523]
[516, 527]
[516, 529]
[516, 531]
[516, 534]
[516, 535]
[517, 520]
[517, 521]
[517, 522]
[517, 523]
[517, 527]
[517, 529]
[517, 531]
[517, 534]
[517, 535]
[518, 520]
[518, 521]
[518, 522]
[518, 523]
[518, 527]
[518, 529]
[518, 531]
[518, 534]
[518, 535]
[519, 520]
[519, 521]
[519, 522]
[519, 527]
[519, 529]
[519, 531]
[519, 534]
[519, 535]
[520, 529]
[520, 534]
[520, 535]
[521, 529]
[521, 534]
[521, 535]
[522, 527]
[522, 529]
[522, 531]
[522, 534]
[522, 535]
[525, 531]
[526, 531]
[529, 534]
[531, 534]
[534, 535]
[535, 536]
[535, 538]
[537, 538]
[549, 561]
[551, 561]
[567, 608]
[571, 576]
[571, 579]
[571, 580]
[576, 581]
[576, 610]
[576, 611]
[579, 581]
[579, 610]
[579, 611]
[580, 581]
[580, 610]
[580, 611]
[583, 591]
[584, 591]
[593, 594]
[608, 609]
[627, 628]
[627, 631]
[637, 638]
[642, 643]
[642, 669]
[642, 1669]
[643, 669]
[643, 1669]
[646, 669]
[647, 648]
[647, 650]
[647, 652]
[647, 653]
[647, 654]
[647, 655]
[648, 649]
[648, 653]
[649, 653]
[650, 656]
[652, 656]
[654, 656]
[655, 656]
[657, 658]
[657, 659]
[657, 660]
[657, 661]
[657, 662]
[657, 664]
[657, 665]
[657, 666]
[657, 667]
[657, 668]
[658, 659]
[658, 660]
[658, 661]
[658, 665]
[659, 660]
[659, 661]
[659, 665]
[659, 668]
[660, 661]
[660, 665]
[660, 668]
[661, 665]
[661, 668]
[662, 668]
[664, 668]
[666, 668]
[667, 668]
[669, 1669]
[679, 683]
[688, 693]
[697, 705]
[697, 706]
[697, 707]
[697, 708]
[697, 709]
[697, 710]
[697, 711]
[697, 712]
[697, 713]
[697, 928]
[697, 930]
[697, 931]
[697, 932]
[697, 933]
[697, 934]
[697, 935]
[697, 936]
[697, 937]
[697, 938]
[705, 706]
[705, 707]
[705, 708]
[705, 709]
[705, 710]
[705, 711]
[705, 712]
[705, 713]
[705, 927]
[705, 928]
[705, 930]
[705, 931]
[705, 932]
[705, 933]
[705, 934]
[705, 935]
[705, 936]
[705, 937]
[705, 938]
[706, 707]
[706, 708]
[706, 709]
[706, 710]
[706, 711]
[706, 712]
[706, 713]
[706, 927]
[706, 928]
[706, 930]
[706, 932]
[706, 933]
[706, 934]
[706, 935]
[706, 936]
[706, 937]
[706, 938]
[707, 712]
[707, 713]
[707, 927]
[707, 928]
[707, 930]
[707, 932]
[707, 933]
[707, 934]
[707, 935]
[707, 936]
[707, 937]
[707, 938]
[708, 712]
[708, 713]
[708, 927]
[708, 928]
[708, 930]
[708, 932]
[708, 933]
[708, 934]
[708, 935]
[708, 936]
[708, 937]
[708, 938]
[709, 712]
[709, 713]
[709, 927]
[709, 928]
[709, 930]
[709, 932]
[709, 933]
[709, 934]
[709, 935]
[709, 936]
[709, 937]
[709, 938]
[710, 712]
[710, 713]
[710, 927]
[710, 928]
[710, 930]
[710, 932]
[710, 933]
[710, 934]
[710, 935]
[710, 936]
[710, 937]
[710, 938]
[711, 712]
[711, 713]
[711, 927]
[711, 928]
[711, 930]
[711, 932]
[711, 933]
[711, 934]
[711, 935]
[711, 936]
[711, 937]
[711, 938]
[712, 713]
[712, 927]
[712, 928]
[712, 930]
[712, 932]
[712, 933]
[712, 934]
[712, 935]
[712, 936]
[712, 937]
[712, 938]
[713, 927]
[713, 928]
[713, 930]
[713, 932]
[713, 933]
[713, 934]
[713, 935]
[713, 936]
[713, 937]
[713, 938]
[714, 715]
[714, 716]
[714, 717]
[714, 718]
[714, 719]
[714, 720]
[714, 721]
[714, 722]
[714, 723]
[714, 727]
[714, 762]
[715, 716]
[715, 717]
[715, 718]
[715, 719]
[715, 720]
[715, 721]
[715, 722]
[715, 723]
[715, 727]
[715, 762]
[716, 717]
[716, 718]
[716, 719]
[716, 720]
[716, 721]
[716, 722]
[716, 723]
[716, 727]
[716, 762]
[717, 718]
[717, 719]
[717, 720]
[717, 721]
[717, 722]
[717, 723]
[717, 727]
[717, 762]
[718, 719]
[718, 720]
[718, 721]
[718, 722]
[718, 723]
[718, 727]
[718, 762]
[719, 720]
[719, 721]
[719, 722]
[719, 723]
[719, 727]
[719, 762]
[720, 721]
[720, 723]
[720, 727]
[720, 762]
[721, 723]
[721, 727]
[721, 762]
[722, 723]
[722, 727]
[722, 762]
[729, 733]
[729, 734]
[729, 735]
[729, 736]
[729, 737]
[729, 738]
[729, 739]
[729, 740]
[729, 741]
[729, 742]
[729, 743]
[729, 747]
[729, 749]
[729, 750]
[729, 751]
[729, 752]
[729, 753]
[729, 755]
[729, 757]
[729, 758]
[729, 759]
[729, 760]
[729, 761]
[730, 733]
[730, 734]
[730, 735]
[730, 736]
[730, 737]
[730, 738]
[730, 739]
[730, 740]
[730, 741]
[730, 742]
[730, 743]
[730, 747]
[730, 749]
[730, 750]
[730, 751]
[730, 752]
[730, 753]
[730, 755]
[730, 757]
[730, 758]
[730, 759]
[730, 760]
[730, 761]
[731, 733]
[731, 734]
[731, 735]
[731, 736]
[731, 737]
[731, 738]
[731, 739]
[731, 740]
[732, 733]
[732, 734]
[732, 735]
[732, 736]
[732, 737]
[732, 738]
[732, 739]
[732, 740]
[732, 741]
[732, 742]
[732, 743]
[732, 747]
[732, 749]
[732, 750]
[732, 751]
[732, 752]
[732, 753]
[732, 755]
[732, 757]
[732, 758]
[732, 759]
[732, 760]
[732, 761]
[733, 737]
[733, 738]
[733, 739]
[733, 740]
[733, 741]
[733, 742]
[733, 743]
[733, 747]
[733, 749]
[733, 750]
[733, 751]
[733, 752]
[733, 753]
[733, 755]
[733, 757]
[733, 758]
[733, 759]
[733, 760]
[733, 761]
[734, 737]
[734, 738]
[734, 739]
[734, 740]
[734, 741]
[734, 742]
[734, 743]
[734, 747]
[734, 749]
[734, 750]
[734, 751]
[734, 752]
[734, 753]
[734, 755]
[734, 757]
[734, 758]
[734, 759]
[734, 760]
[734, 761]
[735, 737]
[735, 738]
[735, 739]
[735, 740]
[735, 741]
[735, 742]
[735, 743]
[735, 747]
[735, 749]
[735, 750]
[735, 751]
[735, 752]
[735, 753]
[735, 755]
[735, 757]
[735, 758]
[735, 759]
[735, 760]
[735, 761]
[736, 737]
[736, 738]
[736, 739]
[736, 740]
[736, 741]
[736, 742]
[736, 743]
[736, 747]
[736, 749]
[736, 750]
[736, 751]
[736, 752]
[736, 753]
[736, 755]
[736, 757]
[736, 758]
[736, 759]
[736, 760]
[736, 761]
[737, 741]
[737, 742]
[737, 743]
[737, 747]
[737, 749]
[737, 750]
[737, 751]
[737, 752]
[737, 753]
[737, 755]
[737, 757]
[737, 758]
[737, 759]
[737, 760]
[737, 761]
[738, 741]
[738, 742]
[738, 743]
[738, 747]
[738, 749]
[738, 750]
[738, 751]
[738, 752]
[738, 753]
[738, 755]
[738, 757]
[738, 758]
[738, 759]
[738, 760]
[738, 761]
[739, 741]
[739, 742]
[739, 743]
[739, 747]
[739, 749]
[739, 750]
[739, 751]
[739, 752]
[739, 753]
[739, 755]
[739, 757]
[739, 758]
[739, 759]
[739, 760]
[739, 761]
[740, 741]
[740, 742]
[740, 743]
[740, 747]
[740, 749]
[740, 750]
[740, 751]
[740, 752]
[740, 753]
[740, 755]
[740, 757]
[740, 758]
[740, 759]
[740, 760]
[740, 761]
[741, 747]
[741, 749]
[741, 750]
[741, 751]
[741, 752]
[741, 753]
[741, 755]
[741, 757]
[741, 758]
[741, 759]
[741, 760]
[741, 761]
[742, 747]
[742, 749]
[742, 750]
[742, 751]
[742, 752]
[742, 753]
[742, 755]
[742, 757]
[742, 758]
[742, 759]
[742, 760]
[742, 761]
[743, 749]
[743, 750]
[743, 751]
[743, 752]
[747, 749]
[747, 750]
[747, 751]
[747, 752]
[747, 753]
[747, 755]
[747, 757]
[747, 758]
[747, 759]
[747, 760]
[747, 761]
[749, 753]
[749, 755]
[749, 757]
[749, 758]
[749, 759]
[749, 760]
[749, 761]
[750, 753]
[750, 755]
[750, 757]
[750, 758]
[750, 759]
[750, 760]
[750, 761]
[751, 753]
[751, 755]
[751, 757]
[751, 758]
[751, 759]
[751, 760]
[751, 761]
[752, 753]
[752, 755]
[752, 757]
[752, 758]
[752, 759]
[752, 760]
[752, 761]
[753, 759]
[753, 760]
[753, 761]
[755, 759]
[755, 760]
[755, 761]
[757, 759]
[757, 760]
[757, 761]
[758, 759]
[758, 760]
[758, 761]
[759, 760]
[759, 761]
[760, 761]
[766, 883]
[766, 885]
[766, 886]
[766, 907]
[766, 910]
[766, 913]
[766, 920]
[766, 921]
[766, 922]
[766, 924]
[766, 926]
[767, 885]
[767, 886]
[767, 907]
[767, 910]
[767, 913]
[767, 920]
[767, 921]
[767, 922]
[767, 924]
[767, 926]
[768, 883]
[768, 913]
[768, 920]
[768, 921]
[768, 922]
[768, 924]
[768, 926]
[769, 883]
[769, 913]
[769, 920]
[769, 921]
[769, 922]
[769, 924]
[769, 926]
[781, 783]
[781, 784]
[782, 784]
[783, 784]
[784, 786]
[784, 787]
[784, 789]
[784, 790]
[784, 794]
[784, 796]
[784, 797]
[784, 798]
[784, 805]
[784, 835]
[784, 836]
[784, 839]
[784, 841]
[784, 842]
[785, 787]
[785, 789]
[785, 790]
[785, 794]
[785, 835]
[785, 836]
[786, 787]
[786, 789]
[786, 790]
[786, 794]
[786, 835]
[786, 836]
[787, 839]
[787, 841]
[787, 842]
[789, 839]
[789, 841]
[789, 842]
[790, 839]
[790, 841]
[790, 842]
[792, 793]
[792, 808]
[792, 809]
[792, 812]
[792, 813]
[792, 815]
[792, 816]
[792, 833]
[792, 834]
[792, 939]
[792, 942]
[792, 943]
[792, 944]
[792, 945]
[792, 946]
[792, 947]
[792, 949]
[792, 950]
[792, 951]
[792, 953]
[792, 955]
[792, 956]
[793, 808]
[793, 809]
[793, 812]
[793, 813]
[793, 815]
[793, 816]
[793, 833]
[793, 834]
[793, 939]
[793, 942]
[793, 943]
[793, 944]
[793, 945]
[793, 946]
[793, 947]
[793, 949]
[793, 950]
[793, 951]
[793, 953]
[793, 955]
[793, 956]
[794, 796]
[794, 797]
[794, 798]
[794, 805]
[794, 839]
[794, 841]
[794, 842]
[796, 805]
[796, 839]
[796, 841]
[796, 842]
[796, 862]
[796, 863]
[796, 864]
[796, 865]
[796, 867]
[796, 868]
[796, 869]
[796, 870]
[796, 871]
[796, 872]
[797, 805]
[797, 839]
[797, 841]
[797, 842]
[797, 862]
[797, 863]
[797, 864]
[797, 865]
[797, 867]
[797, 868]
[797, 869]
[797, 870]
[797, 871]
[797, 872]
[798, 805]
[798, 839]
[798, 841]
[798, 842]
[798, 862]
[798, 863]
[798, 864]
[798, 865]
[798, 867]
[798, 868]
[798, 869]
[798, 870]
[798, 871]
[798, 872]
[805, 839]
[805, 841]
[805, 842]
[805, 862]
[805, 863]
[805, 864]
[805, 865]
[805, 867]
[805, 868]
[805, 869]
[805, 870]
[805, 871]
[805, 872]
[808, 809]
[808, 812]
[808, 813]
[808, 815]
[808, 816]
[808, 939]
[808, 942]
[808, 943]
[808, 944]
[808, 945]
[808, 946]
[808, 947]
[808, 949]
[808, 950]
[808, 951]
[808, 953]
[808, 955]
[808, 956]
[809, 813]
[809, 815]
[809, 816]
[809, 939]
[809, 942]
[809, 943]
[809, 949]
[809, 950]
[809, 951]
[809, 953]
[809, 955]
[809, 956]
[812, 813]
[812, 815]
[812, 816]
[812, 939]
[812, 942]
[812, 943]
[812, 944]
[812, 945]
[812, 946]
[812, 947]
[812, 949]
[812, 950]
[812, 951]
[812, 953]
[812, 955]
[812, 956]
[813, 939]
[813, 942]
[813, 943]
[813, 944]
[813, 945]
[813, 946]
[813, 947]
[813, 949]
[813, 950]
[813, 951]
[813, 953]
[813, 955]
[813, 956]
[815, 939]
[815, 942]
[815, 943]
[815, 944]
[815, 945]
[815, 946]
[815, 947]
[815, 949]
[815, 950]
[815, 951]
[815, 953]
[815, 955]
[815, 956]
[816, 939]
[816, 942]
[816, 943]
[816, 944]
[816, 945]
[816, 946]
[816, 947]
[816, 949]
[816, 950]
[816, 951]
[816, 953]
[816, 955]
[816, 956]
[833, 939]
[833, 942]
[833, 943]
[833, 944]
[833, 945]
[833, 946]
[833, 947]
[833, 949]
[833, 950]
[833, 951]
[833, 953]
[833, 955]
[833, 956]
[835, 839]
[835, 841]
[835, 842]
[836, 839]
[836, 841]
[836, 842]
[837, 839]
[837, 841]
[837, 842]
[846, 856]
[850, 856]
[862, 863]
[862, 864]
[862, 865]
[862, 867]
[862, 868]
[862, 869]
[862, 870]
[862, 871]
[862, 872]
[863, 868]
[863, 869]
[863, 870]
[863, 871]
[863, 872]
[864, 868]
[864, 869]
[864, 870]
[864, 871]
[864, 872]
[865, 868]
[865, 869]
[865, 870]
[865, 871]
[865, 872]
[867, 868]
[867, 869]
[867, 870]
[867, 871]
[867, 872]
[868, 869]
[868, 870]
[868, 871]
[868, 872]
[869, 871]
[869, 872]
[870, 871]
[870, 872]
[871, 872]
[878, 883]
[878, 885]
[878, 886]
[878, 907]
[878, 910]
[878, 913]
[878, 920]
[878, 921]
[878, 922]
[878, 924]
[878, 926]
[880, 883]
[880, 885]
[880, 886]
[880, 907]
[880, 910]
[880, 913]
[880, 920]
[880, 921]
[880, 922]
[880, 924]
[880, 926]
[881, 889]
[881, 893]
[882, 883]
[882, 885]
[882, 886]
[882, 907]
[882, 910]
[882, 913]
[882, 920]
[882, 921]
[882, 922]
[882, 924]
[882, 926]
[883, 885]
[883, 886]
[883, 907]
[883, 910]
[883, 913]
[883, 920]
[883, 921]
[883, 922]
[883, 924]
[883, 926]
[885, 890]
[885, 891]
[885, 892]
[885, 896]
[885, 897]
[885, 898]
[885, 907]
[885, 908]
[885, 909]
[885, 910]
[885, 911]
[885, 913]
[885, 914]
[885, 915]
[885, 916]
[885, 917]
[885, 918]
[885, 920]
[885, 921]
[885, 922]
[885, 924]
[885, 925]
[885, 926]
[886, 890]
[886, 891]
[886, 892]
[886, 896]
[886, 897]
[886, 898]
[886, 907]
[886, 908]
[886, 909]
[886, 910]
[886, 911]
[886, 913]
[886, 914]
[886, 915]
[886, 916]
[886, 917]
[886, 918]
[886, 920]
[886, 921]
[886, 922]
[886, 924]
[886, 925]
[886, 926]
[907, 913]
[907, 914]
[907, 915]
[907, 916]
[907, 917]
[907, 918]
[907, 920]
[907, 921]
[907, 922]
[907, 924]
[907, 925]
[907, 926]
[910, 913]
[910, 914]
[910, 915]
[910, 916]
[910, 917]
[910, 918]
[910, 920]
[910, 921]
[910, 922]
[910, 924]
[910, 925]
[910, 926]
[913, 914]
[913, 915]
[913, 916]
[913, 917]
[913, 918]
[913, 920]
[913, 921]
[913, 922]
[913, 924]
[913, 925]
[913, 926]
[914, 925]
[915, 925]
[916, 925]
[917, 925]
[918, 925]
[920, 921]
[920, 925]
[921, 925]
[927, 928]
[927, 931]
[927, 932]
[927, 933]
[927, 934]
[927, 935]
[927, 938]
[928, 933]
[928, 934]
[928, 935]
[928, 936]
[928, 938]
[930, 933]
[930, 934]
[930, 935]
[930, 936]
[930, 938]
[931, 933]
[931, 934]
[931, 935]
[931, 936]
[932, 933]
[932, 934]
[932, 935]
[932, 936]
[932, 938]
[933, 938]
[934, 938]
[935, 938]
[936, 938]
[937, 938]
[939, 949]
[942, 949]
[961, 964]
[1001, 1002]
[1023, 1826]
[1050, 1083]
[1054, 1056]
[1072, 1085]
[1091, 1270]
[1093, 1270]
[1131, 1168]
[1131, 1255]
[1131, 1267]
[1131, 1268]
[1132, 1168]
[1132, 1255]
[1132, 1267]
[1132, 1268]
[1134, 1168]
[1134, 1250]
[1134, 1268]
[1135, 1153]
[1135, 1154]
[1135, 1168]
[1135, 1174]
[1135, 1175]
[1135, 1176]
[1135, 1177]
[1135, 1180]
[1135, 1187]
[1135, 1201]
[1135, 1202]
[1135, 1203]
[1135, 1214]
[1135, 1227]
[1135, 1228]
[1135, 1229]
[1135, 1235]
[1135, 1236]
[1135, 1239]
[1135, 1240]
[1135, 1241]
[1135, 1242]
[1135, 1245]
[1135, 1246]
[1135, 1247]
[1135, 1248]
[1135, 1251]
[1135, 1252]
[1135, 1255]
[1135, 1256]
[1135, 1257]
[1135, 1258]
[1135, 1259]
[1135, 1260]
[1135, 1261]
[1135, 1262]
[1135, 1263]
[1135, 1264]
[1135, 1267]
[1135, 1268]
[1136, 1168]
[1136, 1250]
[1136, 1267]
[1136, 1268]
[1138, 1268]
[1139, 1149]
[1139, 1187]
[1143, 1206]
[1143, 1207]
[1143, 1208]
[1143, 1209]
[1143, 1210]
[1143, 1211]
[1143, 1212]
[1143, 1221]
[1143, 1267]
[1143, 1268]
[1149, 1154]
[1149, 1181]
[1149, 1182]
[1149, 1183]
[1149, 1185]
[1149, 1195]
[1149, 1201]
[1149, 1267]
[1149, 1268]
[1153, 1168]
[1153, 1174]
[1153, 1175]
[1153, 1176]
[1153, 1177]
[1153, 1180]
[1153, 1187]
[1153, 1202]
[1153, 1203]
[1153, 1206]
[1153, 1207]
[1153, 1210]
[1153, 1211]
[1153, 1212]
[1153, 1214]
[1153, 1221]
[1153, 1227]
[1153, 1228]
[1153, 1229]
[1153, 1234]
[1153, 1235]
[1153, 1236]
[1153, 1239]
[1153, 1240]
[1153, 1245]
[1153, 1246]
[1153, 1247]
[1153, 1248]
[1153, 1251]
[1153, 1252]
[1153, 1255]
[1153, 1256]
[1153, 1260]
[1153, 1261]
[1153, 1262]
[1153, 1263]
[1153, 1264]
[1153, 1267]
[1153, 1268]
[1154, 1168]
[1154, 1174]
[1154, 1175]
[1154, 1176]
[1154, 1177]
[1154, 1180]
[1154, 1181]
[1154, 1182]
[1154, 1183]
[1154, 1184]
[1154, 1185]
[1154, 1186]
[1154, 1187]
[1154, 1195]
[1154, 1201]
[1154, 1202]
[1154, 1203]
[1154, 1214]
[1154, 1227]
[1154, 1228]
[1154, 1229]
[1154, 1234]
[1154, 1235]
[1154, 1236]
[1154, 1239]
[1154, 1241]
[1154, 1242]
[1154, 1245]
[1154, 1246]
[1154, 1247]
[1154, 1248]
[1154, 1251]
[1154, 1252]
[1154, 1254]
[1154, 1255]
[1154, 1256]
[1154, 1257]
[1154, 1258]
[1154, 1259]
[1154, 1260]
[1154, 1261]
[1154, 1262]
[1154, 1263]
[1154, 1264]
[1154, 1267]
[1154, 1268]
[1168, 1174]
[1168, 1180]
[1168, 1181]
[1168, 1182]
[1168, 1183]
[1168, 1185]
[1168, 1186]
[1168, 1187]
[1168, 1195]
[1168, 1206]
[1168, 1207]
[1168, 1208]
[1168, 1209]
[1168, 1211]
[1168, 1221]
[1168, 1234]
[1168, 1235]
[1168, 1236]
[1168, 1237]
[1168, 1238]
[1168, 1239]
[1168, 1240]
[1168, 1241]
[1168, 1242]
[1168, 1250]
[1168, 1251]
[1168, 1252]
[1168, 1253]
[1168, 1254]
[1168, 1255]
[1168, 1256]
[1168, 1262]
[1168, 1263]
[1174, 1180]
[1174, 1187]
[1174, 1201]
[1174, 1202]
[1174, 1203]
[1174, 1214]
[1174, 1227]
[1174, 1228]
[1174, 1229]
[1174, 1235]
[1174, 1236]
[1174, 1239]
[1174, 1241]
[1174, 1242]
[1174, 1245]
[1174, 1246]
[1174, 1247]
[1174, 1248]
[1174, 1251]
[1174, 1252]
[1174, 1255]
[1174, 1256]
[1174, 1257]
[1174, 1258]
[1174, 1259]
[1174, 1260]
[1174, 1261]
[1174, 1262]
[1174, 1263]
[1174, 1264]
[1174, 1267]
[1174, 1268]
[1175, 1180]
[1175, 1187]
[1175, 1201]
[1175, 1202]
[1175, 1203]
[1175, 1214]
[1175, 1227]
[1175, 1228]
[1175, 1229]
[1175, 1235]
[1175, 1236]
[1175, 1239]
[1175, 1241]
[1175, 1242]
[1175, 1245]
[1175, 1246]
[1175, 1247]
[1175, 1248]
[1175, 1251]
[1175, 1252]
[1175, 1255]
[1175, 1256]
[1175, 1257]
[1175, 1258]
[1175, 1259]
[1175, 1260]
[1175, 1261]
[1175, 1262]
[1175, 1263]
[1175, 1264]
[1175, 1267]
[1176, 1180]
[1176, 1187]
[1176, 1201]
[1176, 1202]
[1176, 1203]
[1176, 1214]
[1176, 1227]
[1176, 1228]
[1176, 1229]
[1176, 1235]
[1176, 1236]
[1176, 1239]
[1176, 1241]
[1176, 1242]
[1176, 1245]
[1176, 1246]
[1176, 1247]
[1176, 1248]
[1176, 1251]
[1176, 1252]
[1176, 1255]
[1176, 1256]
[1176, 1257]
[1176, 1258]
[1176, 1259]
[1176, 1260]
[1176, 1261]
[1176, 1262]
[1176, 1263]
[1176, 1264]
[1176, 1267]
[1177, 1180]
[1177, 1187]
[1177, 1201]
[1177, 1202]
[1177, 1203]
[1177, 1214]
[1177, 1227]
[1177, 1228]
[1177, 1229]
[1177, 1235]
[1177, 1236]
[1177, 1239]
[1177, 1241]
[1177, 1242]
[1177, 1245]
[1177, 1246]
[1177, 1247]
[1177, 1248]
[1177, 1251]
[1177, 1252]
[1177, 1255]
[1177, 1256]
[1177, 1257]
[1177, 1258]
[1177, 1259]
[1177, 1260]
[1177, 1261]
[1177, 1262]
[1177, 1263]
[1177, 1264]
[1177, 1267]
[1180, 1187]
[1180, 1203]
[1180, 1214]
[1180, 1227]
[1180, 1228]
[1180, 1229]
[1180, 1235]
[1180, 1236]
[1180, 1239]
[1180, 1240]
[1180, 1241]
[1180, 1242]
[1180, 1245]
[1180, 1246]
[1180, 1247]
[1180, 1248]
[1180, 1251]
[1180, 1252]
[1180, 1255]
[1180, 1256]
[1180, 1257]
[1180, 1258]
[1180, 1259]
[1180, 1260]
[1180, 1261]
[1180, 1262]
[1180, 1263]
[1180, 1264]
[1180, 1267]
[1180, 1268]
[1181, 1184]
[1181, 1185]
[1181, 1186]
[1181, 1187]
[1181, 1195]
[1181, 1201]
[1181, 1267]
[1181, 1268]
[1182, 1267]
[1182, 1268]
[1183, 1267]
[1183, 1268]
[1184, 1195]
[1184, 1201]
[1184, 1267]
[1184, 1268]
[1185, 1195]
[1185, 1201]
[1185, 1267]
[1185, 1268]
[1186, 1195]
[1186, 1201]
[1186, 1267]
[1186, 1268]
[1187, 1203]
[1187, 1214]
[1187, 1227]
[1187, 1228]
[1187, 1229]
[1187, 1234]
[1187, 1235]
[1187, 1236]
[1187, 1239]
[1187, 1240]
[1187, 1241]
[1187, 1242]
[1187, 1245]
[1187, 1246]
[1187, 1247]
[1187, 1248]
[1187, 1251]
[1187, 1252]
[1187, 1255]
[1187, 1256]
[1187, 1257]
[1187, 1258]
[1187, 1259]
[1187, 1260]
[1187, 1261]
[1187, 1262]
[1187, 1263]
[1187, 1264]
[1187, 1267]
[1195, 1201]
[1195, 1267]
[1195, 1268]
[1201, 1203]
[1201, 1214]
[1201, 1228]
[1201, 1229]
[1201, 1234]
[1201, 1235]
[1201, 1236]
[1201, 1239]
[1201, 1240]
[1201, 1241]
[1201, 1242]
[1201, 1245]
[1201, 1246]
[1201, 1247]
[1201, 1248]
[1201, 1251]
[1201, 1252]
[1201, 1255]
[1201, 1256]
[1201, 1257]
[1201, 1258]
[1201, 1259]
[1201, 1260]
[1201, 1261]
[1201, 1262]
[1201, 1263]
[1201, 1264]
[1201, 1267]
[1202, 1203]
[1202, 1214]
[1202, 1227]
[1202, 1228]
[1202, 1229]
[1202, 1234]
[1202, 1235]
[1202, 1236]
[1202, 1239]
[1202, 1241]
[1202, 1242]
[1202, 1245]
[1202, 1246]
[1202, 1247]
[1202, 1248]
[1202, 1251]
[1202, 1252]
[1202, 1255]
[1202, 1256]
[1202, 1257]
[1202, 1258]
[1202, 1259]
[1202, 1260]
[1202, 1261]
[1202, 1262]
[1202, 1263]
[1202, 1264]
[1202, 1267]
[1202, 1268]
[1203, 1214]
[1203, 1227]
[1203, 1228]
[1203, 1229]
[1203, 1236]
[1203, 1239]
[1203, 1241]
[1203, 1242]
[1203, 1245]
[1203, 1246]
[1203, 1247]
[1203, 1248]
[1203, 1252]
[1203, 1255]
[1203, 1256]
[1203, 1257]
[1203, 1258]
[1203, 1259]
[1203, 1260]
[1203, 1262]
[1203, 1263]
[1203, 1267]
[1203, 1268]
[1206, 1210]
[1206, 1211]
[1206, 1212]
[1206, 1214]
[1206, 1221]
[1206, 1227]
[1206, 1267]
[1206, 1268]
[1207, 1210]
[1207, 1211]
[1207, 1212]
[1207, 1214]
[1207, 1221]
[1207, 1227]
[1207, 1267]
[1207, 1268]
[1208, 1267]
[1208, 1268]
[1209, 1267]
[1209, 1268]
[1210, 1221]
[1210, 1227]
[1210, 1267]
[1211, 1221]
[1211, 1227]
[1211, 1267]
[1211, 1268]
[1212, 1221]
[1212, 1227]
[1212, 1267]
[1212, 1268]
[1214, 1229]
[1214, 1235]
[1214, 1236]
[1214, 1239]
[1214, 1240]
[1214, 1241]
[1214, 1242]
[1214, 1245]
[1214, 1246]
[1214, 1247]
[1214, 1248]
[1214, 1251]
[1214, 1252]
[1214, 1255]
[1214, 1256]
[1214, 1257]
[1214, 1258]
[1214, 1259]
[1214, 1260]
[1214, 1261]
[1214, 1262]
[1214, 1263]
[1214, 1264]
[1214, 1267]
[1214, 1268]
[1221, 1227]
[1221, 1267]
[1221, 1268]
[1227, 1229]
[1227, 1235]
[1227, 1236]
[1227, 1239]
[1227, 1240]
[1227, 1241]
[1227, 1242]
[1227, 1245]
[1227, 1246]
[1227, 1247]
[1227, 1248]
[1227, 1251]
[1227, 1252]
[1227, 1255]
[1227, 1256]
[1227, 1257]
[1227, 1258]
[1227, 1259]
[1227, 1260]
[1227, 1262]
[1227, 1263]
[1227, 1267]
[1227, 1268]
[1228, 1229]
[1228, 1235]
[1228, 1236]
[1228, 1239]
[1228, 1241]
[1228, 1242]
[1228, 1245]
[1228, 1246]
[1228, 1247]
[1228, 1248]
[1228, 1251]
[1228, 1252]
[1228, 1255]
[1228, 1256]
[1228, 1257]
[1228, 1258]
[1228, 1259]
[1228, 1262]
[1228, 1263]
[1228, 1267]
[1228, 1268]
[1229, 1235]
[1229, 1236]
[1229, 1239]
[1229, 1241]
[1229, 1242]
[1229, 1245]
[1229, 1246]
[1229, 1247]
[1229, 1248]
[1229, 1251]
[1229, 1252]
[1229, 1255]
[1229, 1256]
[1229, 1257]
[1229, 1258]
[1229, 1259]
[1229, 1260]
[1229, 1261]
[1229, 1262]
[1229, 1263]
[1229, 1264]
[1229, 1267]
[1229, 1268]
[1234, 1239]
[1234, 1245]
[1234, 1246]
[1234, 1247]
[1234, 1248]
[1234, 1255]
[1234, 1260]
[1234, 1264]
[1234, 1267]
[1234, 1268]
[1235, 1239]
[1235, 1241]
[1235, 1242]
[1235, 1245]
[1235, 1246]
[1235, 1247]
[1235, 1248]
[1235, 1251]
[1235, 1252]
[1235, 1255]
[1235, 1256]
[1235, 1257]
[1235, 1258]
[1235, 1259]
[1235, 1260]
[1235, 1262]
[1235, 1263]
[1235, 1267]
[1235, 1268]
[1236, 1239]
[1236, 1241]
[1236, 1242]
[1236, 1245]
[1236, 1246]
[1236, 1247]
[1236, 1248]
[1236, 1251]
[1236, 1252]
[1236, 1255]
[1236, 1256]
[1236, 1257]
[1236, 1258]
[1236, 1259]
[1236, 1260]
[1236, 1261]
[1236, 1262]
[1236, 1263]
[1236, 1264]
[1236, 1267]
[1236, 1268]
[1237, 1267]
[1237, 1268]
[1238, 1267]
[1238, 1268]
[1239, 1241]
[1239, 1242]
[1239, 1245]
[1239, 1246]
[1239, 1247]
[1239, 1248]
[1239, 1251]
[1239, 1252]
[1239, 1255]
[1239, 1256]
[1239, 1257]
[1239, 1258]
[1239, 1259]
[1239, 1260]
[1239, 1261]
[1239, 1262]
[1239, 1263]
[1239, 1264]
[1239, 1267]
[1239, 1268]
[1240, 1255]
[1240, 1267]
[1241, 1245]
[1241, 1246]
[1241, 1247]
[1241, 1248]
[1241, 1251]
[1241, 1252]
[1241, 1255]
[1241, 1256]
[1241, 1257]
[1241, 1258]
[1241, 1259]
[1241, 1260]
[1241, 1261]
[1241, 1262]
[1241, 1263]
[1241, 1264]
[1241, 1267]
[1242, 1245]
[1242, 1246]
[1242, 1247]
[1242, 1248]
[1242, 1251]
[1242, 1252]
[1242, 1255]
[1242, 1256]
[1242, 1257]
[1242, 1258]
[1242, 1259]
[1242, 1260]
[1242, 1261]
[1242, 1262]
[1242, 1263]
[1242, 1264]
[1242, 1267]
[1245, 1251]
[1245, 1252]
[1245, 1255]
[1245, 1256]
[1245, 1257]
[1245, 1258]
[1245, 1259]
[1245, 1260]
[1245, 1261]
[1245, 1262]
[1245, 1263]
[1245, 1264]
[1245, 1267]
[1245, 1268]
[1246, 1251]
[1246, 1252]
[1246, 1255]
[1246, 1256]
[1246, 1257]
[1246, 1258]
[1246, 1259]
[1246, 1260]
[1246, 1261]
[1246, 1262]
[1246, 1263]
[1246, 1264]
[1246, 1267]
[1246, 1268]
[1247, 1251]
[1247, 1252]
[1247, 1255]
[1247, 1256]
[1247, 1257]
[1247, 1258]
[1247, 1259]
[1247, 1260]
[1247, 1261]
[1247, 1262]
[1247, 1263]
[1247, 1264]
[1247, 1267]
[1247, 1268]
[1248, 1251]
[1248, 1252]
[1248, 1255]
[1248, 1256]
[1248, 1257]
[1248, 1258]
[1248, 1259]
[1248, 1260]
[1248, 1261]
[1248, 1262]
[1248, 1263]
[1248, 1264]
[1248, 1267]
[1248, 1268]
[1250, 1253]
[1250, 1267]
[1250, 1268]
[1251, 1255]
[1251, 1256]
[1251, 1257]
[1251, 1258]
[1251, 1259]
[1251, 1260]
[1251, 1262]
[1251, 1263]
[1251, 1267]
[1251, 1268]
[1252, 1255]
[1252, 1256]
[1252, 1257]
[1252, 1258]
[1252, 1259]
[1252, 1260]
[1252, 1261]
[1252, 1262]
[1252, 1263]
[1252, 1264]
[1252, 1267]
[1252, 1268]
[1253, 1267]
[1253, 1268]
[1254, 1267]
[1254, 1268]
[1255, 1256]
[1255, 1257]
[1255, 1258]
[1255, 1259]
[1255, 1260]
[1255, 1261]
[1255, 1262]
[1255, 1263]
[1255, 1264]
[1255, 1267]
[1255, 1268]
[1256, 1261]
[1256, 1262]
[1256, 1263]
[1256, 1264]
[1256, 1267]
[1256, 1268]
[1257, 1261]
[1257, 1262]
[1257, 1263]
[1257, 1264]
[1257, 1267]
[1257, 1268]
[1258, 1261]
[1258, 1262]
[1258, 1263]
[1258, 1264]
[1258, 1267]
[1258, 1268]
[1259, 1261]
[1259, 1262]
[1259, 1263]
[1259, 1264]
[1259, 1267]
[1259, 1268]
[1260, 1261]
[1260, 1262]
[1260, 1263]
[1260, 1264]
[1260, 1267]
[1260, 1268]
[1261, 1267]
[1262, 1267]
[1263, 1267]
[1264, 1267]
[1267, 1268]
[1324, 1484]
[1324, 1485]
[1324, 1486]
[1324, 1487]
[1330, 1362]
[1331, 1332]
[1334, 1335]
[1410, 1440]
[1410, 1441]
[1410, 1442]
[1410, 1445]
[1410, 1446]
[1410, 1449]
[1452, 1454]
[1452, 1462]
[1453, 1454]
[1453, 1462]
[1454, 1462]
[1455, 1462]
[1456, 1462]
[1458, 1462]
[1460, 1462]
[1461, 1462]
[1465, 1466]
[1467, 1474]
[1468, 1474]
[1484, 1486]
[1552, 1557]
[1552, 1565]
[1552, 1567]
[1554, 1557]
[1554, 1565]
[1554, 1567]
[1556, 1565]
[1556, 1566]
[1556, 1567]
[1556, 1570]
[1556, 1572]
[1556, 1573]
[1563, 1565]
[1563, 1567]
[1565, 1575]
[1567, 1575]
[1569, 1575]
[1590, 1591]
[1590, 1592]
[1590, 1593]
[1590, 1594]
[1590, 1595]
[1590, 1596]
[1590, 1597]
[1591, 1592]
[1591, 1593]
[1591, 1594]
[1591, 1595]
[1591, 1596]
[1591, 1597]
[1592, 1593]
[1592, 1594]
[1592, 1595]
[1592, 1596]
[1592, 1597]
[1593, 1594]
[1593, 1595]
[1593, 1596]
[1593, 1597]
[1594, 1595]
[1594, 1596]
[1594, 1597]
[1595, 1596]
[1595, 1597]
[1596, 1597]
[1624, 1628]
[1624, 1634]
[1624, 1641]
[1624, 1642]
[1624, 1644]
[1624, 1646]
[1624, 1647]
[1624, 1652]
[1737, 1738]
[1737, 1739]
[1737, 1741]
[1737, 1742]
[1737, 1743]
[1737, 1744]
[1737, 1745]
[1738, 1742]
[1738, 1745]
[1739, 1745]
[1741, 1745]
[1743, 1745]
[1744, 1745]
[1746, 1748]
[1747, 1749]
[1747, 1751]
[1747, 1753]
[1747, 1754]
[1747, 1755]
[1747, 1756]
[1748, 1749]
[1749, 1750]
[1749, 1751]
[1749, 1753]
[1749, 1754]
[1749, 1755]
[1749, 1756]
[1750, 1754]
[1758, 1764]
[1780, 3591]
[1784, 1785]
[1791, 3548]
[1793, 3562]
[1794, 1796]
[1841, 1861]
[1841, 1862]
[1841, 1882]
[1841, 1897]
[1842, 1882]
[1847, 2422]
[1847, 2423]
[1847, 2424]
[1847, 2425]
[1847, 2426]
[1847, 2428]
[1847, 2429]
[1847, 2430]
[1847, 2431]
[1847, 2432]
[1847, 2446]
[1847, 2447]
[1847, 2448]
[1847, 2449]
[1847, 2450]
[1848, 2422]
[1848, 2423]
[1848, 2424]
[1848, 2425]
[1848, 2426]
[1848, 2428]
[1848, 2429]
[1848, 2430]
[1848, 2431]
[1848, 2432]
[1848, 2446]
[1848, 2447]
[1848, 2448]
[1848, 2449]
[1848, 2450]
[1861, 1882]
[1861, 1897]
[1862, 1882]
[1882, 2346]
[1882, 2351]
[1907, 1914]
[1907, 1919]
[1907, 1925]
[1907, 1927]
[1907, 1929]
[1907, 1930]
[1908, 1914]
[1908, 1919]
[1908, 1925]
[1908, 1927]
[1908, 1929]
[1908, 1930]
[1909, 1914]
[1909, 1919]
[1909, 1925]
[1909, 1927]
[1909, 1929]
[1909, 1930]
[1912, 1914]
[1912, 1919]
[1912, 1925]
[1912, 1927]
[1912, 1929]
[1912, 1930]
[1913, 1914]
[1913, 1919]
[1913, 1925]
[1913, 1927]
[1913, 1929]
[1913, 1930]
[1914, 1924]
[1917, 1924]
[1924, 1927]
[1938, 1949]
[1938, 1951]
[1938, 1954]
[1938, 1956]
[1938, 1959]
[1938, 1961]
[1938, 1965]
[1938, 1967]
[1939, 1949]
[1939, 1951]
[1939, 1954]
[1939, 1956]
[1939, 1959]
[1939, 1961]
[1939, 1965]
[1939, 1967]
[1940, 1949]
[1940, 1951]
[1940, 1954]
[1940, 1956]
[1940, 1959]
[1940, 1961]
[1940, 1965]
[1940, 1967]
[1941, 2916]
[1948, 2040]
[1948, 2041]
[1948, 2042]
[1948, 2044]
[1952, 1962]
[1953, 1962]
[1954, 1962]
[1956, 1962]
[1957, 1962]
[1958, 1962]
[1958, 1964]
[1958, 2014]
[1958, 2015]
[1958, 2016]
[1958, 2018]
[1959, 1962]
[1960, 1962]
[1960, 1964]
[1960, 2014]
[1960, 2015]
[1960, 2016]
[1960, 2018]
[1961, 1962]
[1964, 2014]
[1964, 2015]
[1964, 2016]
[1964, 2018]
[1977, 2804]
[1977, 2805]
[1978, 2804]
[1979, 2804]
[1980, 2804]
[1998, 2021]
[1998, 2026]
[1999, 2021]
[1999, 2026]
[2000, 2021]
[2000, 2026]
[2002, 2021]
[2002, 2026]
[2004, 2009]
[2006, 2009]
[2008, 2009]
[2052, 2062]
[2053, 2058]
[2053, 2062]
[2054, 2062]
[2070, 2092]
[2070, 2093]
[2070, 2095]
[2070, 2100]
[2070, 2103]
[2070, 2104]
[2070, 2105]
[2070, 2106]
[2070, 2107]
[2070, 2133]
[2074, 2092]
[2074, 2093]
[2074, 2095]
[2074, 2100]
[2074, 2103]
[2074, 2104]
[2074, 2105]
[2074, 2106]
[2074, 2107]
[2074, 2133]
[2075, 2077]
[2075, 2081]
[2077, 2143]
[2077, 2224]
[2077, 2289]
[2081, 2143]
[2081, 2224]
[2081, 2289]
[2092, 2100]
[2092, 2112]
[2093, 2100]
[2093, 2112]
[2095, 2100]
[2095, 2112]
[2100, 2112]
[2103, 2107]
[2103, 2112]
[2104, 2107]
[2104, 2112]
[2105, 2107]
[2105, 2112]
[2106, 2107]
[2106, 2112]
[2107, 2112]
[2115, 2122]
[2116, 2122]
[2117, 2122]
[2118, 2122]
[2119, 2128]
[2119, 2133]
[2121, 2128]
[2123, 2128]
[2123, 2133]
[2136, 2142]
[2140, 2154]
[2141, 2154]
[2147, 2155]
[2166, 2242]
[2167, 2242]
[2168, 2242]
[2172, 2296]
[2172, 2297]
[2172, 2299]
[2172, 2301]
[2178, 2198]
[2182, 2187]
[2182, 2188]
[2182, 2190]
[2182, 2192]
[2182, 2235]
[2182, 2236]
[2182, 2237]
[2183, 2190]
[2183, 2237]
[2184, 2187]
[2184, 2188]
[2184, 2190]
[2184, 2192]
[2184, 2235]
[2184, 2236]
[2184, 2237]
[2185, 2190]
[2185, 2198]
[2186, 2187]
[2186, 2188]
[2186, 2190]
[2186, 2198]
[2189, 2238]
[2189, 2240]
[2189, 2241]
[2189, 2242]
[2189, 2243]
[2190, 2198]
[2192, 2235]
[2192, 2236]
[2192, 2245]
[2194, 2235]
[2194, 2236]
[2194, 2245]
[2198, 2250]
[2214, 2224]
[2215, 2224]
[2230, 2235]
[2230, 2236]
[2230, 2238]
[2230, 2240]
[2230, 2241]
[2230, 2243]
[2231, 2235]
[2231, 2236]
[2231, 2238]
[2231, 2240]
[2231, 2241]
[2231, 2243]
[2232, 2235]
[2232, 2236]
[2232, 2238]
[2232, 2240]
[2232, 2241]
[2232, 2243]
[2235, 2245]
[2235, 2246]
[2236, 2240]
[2236, 2241]
[2236, 2243]
[2236, 2245]
[2236, 2246]
[2237, 2245]
[2238, 2240]
[2238, 2241]
[2238, 2242]
[2238, 2243]
[2245, 2323]
[2246, 2323]
[2253, 2265]
[2253, 2267]
[2253, 2268]
[2253, 2281]
[2254, 2265]
[2254, 2267]
[2254, 2268]
[2254, 2281]
[2254, 2283]
[2256, 2265]
[2256, 2267]
[2256, 2268]
[2256, 2281]
[2256, 2283]
[2257, 2262]
[2257, 2265]
[2257, 2267]
[2257, 2268]
[2257, 2281]
[2258, 2265]
[2258, 2267]
[2258, 2268]
[2258, 2281]
[2259, 2263]
[2259, 2265]
[2259, 2267]
[2259, 2268]
[2259, 2281]
[2261, 2265]
[2261, 2267]
[2261, 2268]
[2261, 2281]
[2265, 2271]
[2265, 2281]
[2265, 2283]
[2265, 2296]
[2265, 2297]
[2265, 2299]
[2265, 2301]
[2265, 2305]
[2265, 2308]
[2265, 2736]
[2265, 2737]
[2265, 2740]
[2267, 2271]
[2267, 2275]
[2267, 2277]
[2267, 2279]
[2267, 2281]
[2267, 2283]
[2267, 2296]
[2267, 2297]
[2267, 2299]
[2267, 2301]
[2267, 2305]
[2267, 2308]
[2267, 2736]
[2267, 2737]
[2267, 2740]
[2268, 2271]
[2268, 2281]
[2268, 2283]
[2268, 2296]
[2268, 2297]
[2268, 2299]
[2268, 2301]
[2268, 2305]
[2268, 2308]
[2268, 2736]
[2268, 2737]
[2268, 2740]
[2270, 2281]
[2271, 2281]
[2272, 2281]
[2272, 2296]
[2272, 2297]
[2272, 2299]
[2272, 2301]
[2272, 2305]
[2272, 2308]
[2272, 2737]
[2275, 2296]
[2275, 2297]
[2275, 2299]
[2275, 2301]
[2275, 2305]
[2275, 2308]
[2275, 2737]
[2277, 2296]
[2277, 2297]
[2277, 2299]
[2277, 2301]
[2277, 2305]
[2277, 2308]
[2277, 2737]
[2279, 2296]
[2279, 2297]
[2279, 2299]
[2279, 2301]
[2279, 2305]
[2279, 2308]
[2279, 2737]
[2281, 2283]
[2281, 2296]
[2281, 2297]
[2281, 2299]
[2281, 2301]
[2281, 2305]
[2281, 2308]
[2281, 2736]
[2281, 2737]
[2281, 2740]
[2290, 2295]
[2295, 2302]
[2296, 2301]
[2296, 2305]
[2296, 2308]
[2296, 2464]
[2296, 2470]
[2296, 2530]
[2296, 2736]
[2296, 2737]
[2296, 2740]
[2297, 2301]
[2297, 2305]
[2297, 2308]
[2297, 2464]
[2297, 2470]
[2297, 2530]
[2297, 2736]
[2297, 2737]
[2297, 2740]
[2299, 2301]
[2299, 2305]
[2299, 2308]
[2299, 2464]
[2299, 2470]
[2299, 2530]
[2299, 2736]
[2299, 2737]
[2299, 2740]
[2301, 2305]
[2301, 2308]
[2301, 2464]
[2301, 2470]
[2301, 2530]
[2301, 2536]
[2301, 2736]
[2301, 2737]
[2301, 2740]
[2303, 2308]
[2305, 2308]
[2305, 2737]
[2307, 2308]
[2308, 2737]
[2310, 2320]
[2312, 2320]
[2320, 2326]
[2346, 2351]
[2433, 2442]
[2435, 2442]
[2476, 2486]
[2478, 2486]
[2504, 2505]
[2542, 2552]
[2544, 2552]
[2579, 2589]
[2596, 3177]
[2598, 2602]
[2598, 2603]
[2598, 2604]
[2598, 2605]
[2598, 2616]
[2598, 2620]
[2599, 2602]
[2599, 2603]
[2599, 2604]
[2599, 2605]
[2599, 2616]
[2600, 2602]
[2600, 2603]
[2600, 2604]
[2600, 2605]
[2600, 2616]
[2600, 2620]
[2602, 2616]
[2602, 2620]
[2603, 2616]
[2603, 2620]
[2604, 2616]
[2604, 2620]
[2605, 2616]
[2644, 2650]
[2645, 2650]
[2648, 2651]
[2649, 2651]
[2650, 2651]
[2680, 2682]
[2681, 2682]
[2682, 2683]
[2682, 2684]
[2683, 2684]
[2689, 2692]
[2705, 2707]
[2711, 2718]
[2712, 2718]
[2713, 2715]
[2713, 2717]
[2713, 2719]
[2714, 2715]
[2714, 2717]
[2714, 2719]
[2757, 2768]
[2759, 2768]
[2789, 2791]
[2789, 2795]
[2804, 2805]
[2804, 2806]
[2805, 2806]
[2816, 2888]
[2819, 2887]
[2819, 2890]
[2824, 2891]
[2846, 2856]
[2847, 2856]
[2848, 2856]
[2857, 2867]
[2859, 2867]
[2879, 2880]
[2881, 2882]
[2883, 2884]
[2903, 2912]
[2904, 2912]
[2909, 2912]
[2909, 2913]
[2910, 2912]
[2910, 2913]
[2911, 2912]
[2911, 2913]
[2912, 2913]
[2918, 2957]
[2919, 2957]
[2921, 2957]
[2928, 2956]
[2958, 2961]
[2958, 2962]
[2958, 2964]
[2977, 2978]
[2985, 2986]
[2987, 3016]
[2994, 2995]
[2998, 2999]
[2998, 3000]
[2998, 3001]
[2998, 3002]
[2998, 3003]
[2999, 3031]
[2999, 3032]
[2999, 3034]
[2999, 3036]
[2999, 3037]
[3000, 3031]
[3000, 3032]
[3000, 3034]
[3000, 3036]
[3000, 3037]
[3001, 3031]
[3001, 3032]
[3001, 3034]
[3001, 3036]
[3001, 3037]
[3002, 3031]
[3002, 3032]
[3002, 3034]
[3002, 3036]
[3002, 3037]
[3003, 3031]
[3003, 3032]
[3003, 3034]
[3003, 3036]
[3003, 3037]
[3006, 3007]
[3013, 3018]
[3015, 3018]
[3017, 3018]
[3020, 3021]
[3020, 3022]
[3020, 3023]
[3020, 3024]
[3020, 3025]
[3027, 3035]
[3027, 3039]
[3028, 3035]
[3028, 3039]
[3029, 3035]
[3030, 3035]
[3031, 3035]
[3035, 3039]
[3039, 3042]
[3039, 3045]
[3039, 3046]
[3039, 3047]
[3042, 3047]
[3045, 3047]
[3046, 3047]
[3049, 3057]
[3049, 3058]
[3049, 3059]
[3049, 3060]
[3050, 3057]
[3050, 3058]
[3050, 3059]
[3050, 3060]
[3051, 3057]
[3051, 3058]
[3051, 3059]
[3051, 3060]
[3052, 3057]
[3052, 3058]
[3052, 3059]
[3052, 3060]
[3066, 3067]
[3066, 3068]
[3066, 3069]
[3066, 3070]
[3066, 3073]
[3066, 3077]
[3067, 3071]
[3067, 3072]
[3067, 3073]
[3067, 3074]
[3067, 3076]
[3068, 3071]
[3068, 3072]
[3068, 3073]
[3068, 3074]
[3068, 3076]
[3069, 3071]
[3069, 3072]
[3069, 3073]
[3069, 3074]
[3069, 3076]
[3070, 3071]
[3070, 3072]
[3070, 3073]
[3070, 3076]
[3073, 3076]
[3076, 3077]
[3076, 3079]
[3090, 3095]
[3091, 3095]
[3093, 3095]
[3097, 3101]
[3098, 3102]
[3098, 3106]
[3099, 3101]
[3100, 3101]
[3102, 3106]
[3103, 3106]
[3104, 3106]
[3108, 3109]
[3108, 3111]
[3108, 3113]
[3108, 3114]
[3108, 3117]
[3108, 3118]
[3108, 3160]
[3108, 3161]
[3108, 3162]
[3108, 3164]
[3108, 3169]
[3108, 3172]
[3108, 3176]
[3109, 3169]
[3109, 3172]
[3111, 3169]
[3111, 3172]
[3113, 3169]
[3113, 3172]
[3114, 3169]
[3114, 3172]
[3117, 3169]
[3117, 3172]
[3118, 3169]
[3118, 3172]
[3122, 3130]
[3124, 3130]
[3131, 3136]
[3131, 3139]
[3131, 3140]
[3131, 3142]
[3131, 3143]
[3131, 3144]
[3131, 3146]
[3131, 3147]
[3131, 3148]
[3131, 3149]
[3131, 3150]
[3135, 3136]
[3135, 3139]
[3135, 3140]
[3135, 3142]
[3135, 3143]
[3135, 3144]
[3135, 3146]
[3135, 3147]
[3135, 3148]
[3135, 3149]
[3135, 3150]
[3142, 3146]
[3142, 3147]
[3142, 3148]
[3142, 3149]
[3143, 3146]
[3143, 3147]
[3143, 3148]
[3143, 3149]
[3144, 3146]
[3144, 3147]
[3144, 3148]
[3144, 3149]
[3151, 3155]
[3151, 3156]
[3151, 3157]
[3151, 3158]
[3152, 3155]
[3152, 3156]
[3152, 3157]
[3152, 3158]
[3153, 3155]
[3153, 3156]
[3153, 3157]
[3153, 3158]
[3160, 3169]
[3160, 3172]
[3160, 3176]
[3161, 3169]
[3161, 3172]
[3161, 3176]
[3162, 3169]
[3162, 3172]
[3162, 3176]
[3164, 3169]
[3164, 3172]
[3164, 3176]
[3166, 3171]
[3166, 3173]
[3166, 3174]
[3168, 3171]
[3168, 3173]
[3168, 3174]
[3169, 3172]
[3170, 3171]
[3170, 3173]
[3170, 3174]
[3179, 3180]
[3181, 3185]
[3183, 3185]
[3184, 3185]
[3187, 3190]
[3188, 3190]
[3264, 3296]
[3264, 3297]
[3264, 3298]
[3264, 3301]
[3264, 3302]
[3266, 3296]
[3266, 3297]
[3266, 3298]
[3266, 3301]
[3266, 3302]
[3268, 3296]
[3268, 3297]
[3268, 3298]
[3268, 3301]
[3268, 3302]
[3269, 3296]
[3269, 3297]
[3269, 3298]
[3269, 3301]
[3269, 3302]
[3270, 3487]
[3273, 3296]
[3273, 3297]
[3273, 3298]
[3273, 3301]
[3273, 3302]
[3280, 3325]
[3282, 3292]
[3286, 3292]
[3296, 3467]
[3296, 3468]
[3296, 3469]
[3296, 3471]
[3296, 3472]
[3296, 3473]
[3296, 3474]
[3297, 3467]
[3297, 3468]
[3297, 3469]
[3297, 3471]
[3297, 3472]
[3297, 3473]
[3297, 3474]
[3298, 3467]
[3298, 3468]
[3298, 3469]
[3298, 3471]
[3298, 3472]
[3298, 3473]
[3298, 3474]
[3301, 3467]
[3301, 3468]
[3301, 3469]
[3301, 3471]
[3301, 3472]
[3301, 3473]
[3301, 3474]
[3302, 3467]
[3302, 3468]
[3302, 3469]
[3302, 3471]
[3302, 3472]
[3302, 3473]
[3302, 3474]
[3304, 3313]
[3304, 3315]
[3305, 3313]
[3305, 3315]
[3307, 3313]
[3307, 3315]
[3342, 3488]
[3349, 3350]
[3350, 3351]
[3369, 3370]
[3385, 3386]
[3402, 3406]
[3402, 3407]
[3402, 3409]
[3403, 3406]
[3403, 3407]
[3403, 3409]
[3406, 3411]
[3406, 3415]
[3406, 3418]
[3406, 3419]
[3406, 3420]
[3407, 3411]
[3407, 3415]
[3407, 3418]
[3407, 3419]
[3407, 3420]
[3411, 3418]
[3412, 3418]
[3413, 3418]
[3467, 3468]
[3467, 3469]
[3467, 3471]
[3467, 3472]
[3467, 3474]
[3468, 3469]
[3468, 3472]
[3478, 3485]
[3492, 3494]
[3514, 3520]
[3522, 3525]
[3523, 3525]
[3524, 3525]
[3565, 3605]
[3587, 3604]
[3588, 3604]
[3621, 3625]
[3621, 3627]
[3622, 3626]
[3622, 3627]
[3623, 3627]
[3625, 3626]
