[2, 407]
[2, 408]
[2, 425]
[3, 407]
[3, 408]
[3, 425]
[3, 834]
[18, 26]
[18, 27]
[18, 28]
[18, 29]
[18, 30]
[18, 31]
[18, 32]
[18, 33]
[18, 34]
[18, 571]
[18, 575]
[18, 576]
[18, 577]
[18, 578]
[18, 580]
[18, 581]
[18, 583]
[18, 586]
[18, 587]
[18, 588]
[18, 589]
[18, 590]
[18, 592]
[18, 593]
[18, 594]
[18, 595]
[18, 596]
[18, 597]
[18, 598]
[18, 602]
[21, 24]
[21, 33]
[21, 36]
[21, 37]
[21, 38]
[21, 41]
[25, 36]
[25, 37]
[25, 38]
[25, 41]
[26, 571]
[26, 575]
[26, 576]
[26, 577]
[26, 578]
[26, 580]
[26, 581]
[26, 583]
[26, 586]
[26, 587]
[26, 588]
[26, 589]
[26, 590]
[26, 592]
[26, 593]
[26, 594]
[26, 595]
[26, 596]
[26, 597]
[26, 598]
[26, 602]
[27, 571]
[27, 575]
[27, 576]
[27, 577]
[27, 578]
[27, 580]
[27, 581]
[27, 583]
[27, 586]
[27, 587]
[27, 588]
[27, 589]
[27, 590]
[27, 592]
[27, 593]
[27, 594]
[27, 595]
[27, 596]
[27, 597]
[27, 598]
[27, 602]
[28, 31]
[28, 32]
[28, 33]
[28, 34]
[28, 571]
[28, 575]
[28, 576]
[28, 577]
[28, 578]
[28, 580]
[28, 581]
[28, 583]
[28, 586]
[28, 587]
[28, 588]
[28, 589]
[28, 590]
[28, 592]
[28, 593]
[28, 594]
[28, 595]
[28, 596]
[28, 597]
[28, 598]
[28, 602]
[29, 571]
[29, 575]
[29, 576]
[29, 577]
[29, 578]
[29, 580]
[29, 581]
[29, 583]
[29, 586]
[29, 587]
[29, 588]
[29, 589]
[29, 590]
[29, 592]
[29, 593]
[29, 594]
[29, 595]
[29, 596]
[29, 597]
[29, 598]
[29, 602]
[30, 31]
[30, 32]
[30, 33]
[30, 34]
[30, 571]
[30, 575]
[30, 577]
[30, 578]
[30, 583]
[30, 586]
[30, 587]
[30, 588]
[30, 589]
[30, 590]
[30, 592]
[30, 593]
[30, 594]
[30, 595]
[30, 597]
[30, 602]
[31, 571]
[31, 575]
[31, 576]
[31, 577]
[31, 578]
[31, 580]
[31, 581]
[31, 583]
[31, 586]
[31, 587]
[31, 588]
[31, 589]
[31, 590]
[31, 592]
[31, 593]
[31, 594]
[31, 595]
[31, 596]
[31, 597]
[31, 598]
[31, 602]
[32, 571]
[32, 575]
[32, 576]
[32, 577]
[32, 578]
[32, 580]
[32, 581]
[32, 583]
[32, 586]
[32, 587]
[32, 588]
[32, 589]
[32, 590]
[32, 592]
[32, 593]
[32, 594]
[32, 595]
[32, 596]
[32, 597]
[32, 598]
[32, 602]
[34, 571]
[34, 575]
[34, 576]
[34, 577]
[34, 578]
[34, 580]
[34, 581]
[34, 583]
[34, 586]
[34, 587]
[34, 588]
[34, 589]
[34, 590]
[34, 592]
[34, 593]
[34, 594]
[34, 595]
[34, 596]
[34, 597]
[34, 598]
[34, 602]
[37, 41]
[38, 41]
[39, 571]
[39, 575]
[39, 577]
[39, 578]
[39, 583]
[39, 586]
[39, 587]
[39, 588]
[39, 589]
[39, 590]
[39, 592]
[39, 593]
[39, 594]
[39, 595]
[39, 597]
[39, 602]
[44, 535]
[45, 46]
[45, 533]
[45, 534]
[45, 536]
[45, 537]
[46, 533]
[46, 534]
[47, 535]
[56, 609]
[56, 612]
[56, 616]
[56, 620]
[56, 624]
[56, 628]
[66, 113]
[67, 113]
[88, 357]
[88, 361]
[88, 363]
[89, 353]
[89, 851]
[89, 852]
[89, 853]
[89, 854]
[89, 855]
[91, 488]
[91, 490]
[91, 637]
[94, 360]
[122, 571]
[122, 575]
[122, 577]
[122, 578]
[122, 583]
[122, 586]
[122, 587]
[122, 588]
[122, 589]
[122, 590]
[122, 592]
[122, 593]
[122, 594]
[122, 595]
[122, 597]
[122, 602]
[124, 571]
[124, 575]
[124, 577]
[124, 578]
[124, 583]
[124, 586]
[124, 587]
[124, 588]
[124, 589]
[124, 590]
[124, 592]
[124, 593]
[124, 594]
[124, 595]
[124, 597]
[124, 602]
[126, 199]
[126, 205]
[128, 198]
[128, 204]
[198, 202]
[198, 203]
[198, 204]
[198, 205]
[198, 206]
[199, 204]
[199, 205]
[200, 204]
[200, 205]
[201, 204]
[201, 205]
[202, 206]
[203, 206]
[204, 206]
[209, 212]
[210, 212]
[254, 256]
[257, 258]
[257, 656]
[258, 261]
[258, 656]
[261, 656]
[261, 658]
[261, 659]
[264, 862]
[286, 298]
[286, 308]
[289, 298]
[289, 308]
[293, 301]
[293, 302]
[293, 303]
[293, 304]
[293, 307]
[296, 301]
[296, 302]
[296, 303]
[296, 304]
[296, 307]
[300, 305]
[300, 306]
[311, 407]
[311, 408]
[311, 425]
[328, 823]
[329, 823]
[330, 823]
[332, 823]
[334, 823]
[335, 823]
[353, 364]
[353, 851]
[353, 852]
[353, 853]
[353, 854]
[353, 855]
[362, 365]
[362, 366]
[362, 367]
[362, 368]
[362, 370]
[362, 371]
[362, 372]
[364, 851]
[364, 852]
[364, 853]
[364, 854]
[364, 855]
[365, 366]
[365, 367]
[365, 368]
[365, 370]
[365, 371]
[365, 372]
[370, 371]
[400, 401]
[407, 409]
[407, 413]
[407, 425]
[407, 834]
[408, 409]
[408, 413]
[408, 425]
[408, 834]
[418, 419]
[425, 834]
[437, 441]
[437, 442]
[437, 443]
[437, 451]
[438, 444]
[438, 449]
[439, 444]
[439, 449]
[440, 444]
[440, 449]
[444, 449]
[461, 797]
[461, 798]
[461, 799]
[461, 803]
[461, 804]
[461, 805]
[461, 806]
[461, 808]
[462, 797]
[462, 798]
[462, 799]
[462, 803]
[462, 804]
[462, 805]
[462, 806]
[462, 808]
[463, 797]
[463, 798]
[463, 799]
[463, 803]
[463, 804]
[463, 805]
[463, 806]
[463, 808]
[465, 797]
[465, 798]
[465, 799]
[465, 803]
[465, 804]
[465, 805]
[465, 806]
[465, 808]
[467, 797]
[467, 798]
[467, 799]
[467, 803]
[467, 804]
[467, 805]
[467, 806]
[467, 808]
[468, 797]
[468, 798]
[468, 799]
[468, 803]
[468, 804]
[468, 805]
[468, 806]
[468, 808]
[480, 482]
[480, 483]
[480, 484]
[480, 485]
[481, 485]
[481, 486]
[485, 486]
[487, 488]
[488, 489]
[488, 490]
[488, 491]
[488, 492]
[488, 493]
[488, 494]
[488, 495]
[488, 496]
[488, 497]
[488, 498]
[488, 499]
[488, 500]
[488, 501]
[488, 502]
[488, 503]
[488, 504]
[488, 505]
[488, 506]
[488, 507]
[488, 508]
[488, 509]
[488, 510]
[488, 511]
[488, 512]
[488, 513]
[488, 514]
[488, 519]
[488, 609]
[488, 610]
[488, 611]
[488, 612]
[488, 613]
[488, 614]
[488, 615]
[488, 616]
[488, 617]
[488, 618]
[488, 619]
[488, 620]
[488, 621]
[488, 622]
[488, 623]
[488, 624]
[488, 625]
[488, 626]
[488, 627]
[488, 628]
[488, 629]
[488, 630]
[488, 631]
[488, 632]
[488, 633]
[488, 634]
[488, 635]
[488, 636]
[488, 637]
[488, 638]
[489, 490]
[490, 491]
[490, 492]
[490, 493]
[490, 494]
[490, 495]
[490, 496]
[490, 497]
[490, 498]
[490, 499]
[490, 500]
[490, 501]
[490, 502]
[490, 503]
[490, 504]
[490, 505]
[490, 506]
[490, 507]
[490, 508]
[490, 509]
[490, 510]
[490, 511]
[490, 512]
[490, 513]
[490, 514]
[490, 519]
[490, 609]
[490, 610]
[490, 611]
[490, 612]
[490, 613]
[490, 614]
[490, 615]
[490, 616]
[490, 617]
[490, 618]
[490, 619]
[490, 620]
[490, 621]
[490, 622]
[490, 623]
[490, 624]
[490, 625]
[490, 626]
[490, 627]
[490, 628]
[490, 629]
[490, 630]
[490, 631]
[490, 632]
[490, 633]
[490, 634]
[490, 635]
[491, 492]
[491, 493]
[491, 494]
[491, 495]
[491, 496]
[491, 497]
[491, 498]
[491, 499]
[491, 500]
[491, 501]
[491, 502]
[491, 503]
[491, 504]
[491, 505]
[491, 506]
[491, 507]
[491, 508]
[491, 509]
[491, 510]
[491, 511]
[491, 512]
[491, 513]
[491, 514]
[491, 519]
[491, 609]
[491, 610]
[491, 611]
[491, 612]
[491, 613]
[491, 614]
[491, 615]
[491, 616]
[491, 617]
[491, 618]
[491, 619]
[491, 620]
[491, 621]
[491, 622]
[491, 623]
[491, 624]
[491, 625]
[491, 626]
[491, 627]
[491, 628]
[491, 629]
[491, 630]
[491, 631]
[491, 637]
[491, 638]
[492, 493]
[492, 494]
[492, 495]
[492, 496]
[492, 497]
[492, 498]
[492, 499]
[492, 500]
[492, 501]
[492, 502]
[492, 503]
[492, 504]
[492, 505]
[492, 506]
[492, 507]
[492, 508]
[492, 509]
[492, 510]
[492, 511]
[492, 512]
[492, 513]
[492, 514]
[492, 519]
[492, 609]
[492, 610]
[492, 611]
[492, 612]
[492, 613]
[492, 614]
[492, 615]
[492, 616]
[492, 617]
[492, 618]
[492, 619]
[492, 620]
[492, 621]
[492, 622]
[492, 623]
[492, 624]
[492, 625]
[492, 626]
[492, 627]
[492, 633]
[492, 634]
[492, 635]
[492, 637]
[492, 638]
[493, 494]
[493, 495]
[493, 496]
[493, 497]
[493, 498]
[493, 499]
[493, 500]
[493, 501]
[493, 502]
[493, 503]
[493, 504]
[493, 505]
[493, 506]
[493, 507]
[493, 508]
[493, 509]
[493, 510]
[493, 511]
[493, 512]
[493, 513]
[493, 514]
[493, 515]
[493, 516]
[493, 518]
[493, 519]
[493, 520]
[493, 521]
[493, 609]
[493, 610]
[493, 611]
[493, 612]
[493, 613]
[493, 614]
[493, 615]
[493, 616]
[493, 617]
[493, 618]
[493, 619]
[493, 620]
[493, 621]
[493, 622]
[493, 623]
[493, 629]
[493, 630]
[493, 631]
[493, 633]
[493, 634]
[493, 635]
[493, 637]
[493, 638]
[494, 495]
[494, 496]
[494, 497]
[494, 498]
[494, 499]
[494, 500]
[494, 501]
[494, 502]
[494, 503]
[494, 504]
[494, 505]
[494, 506]
[494, 507]
[494, 508]
[494, 509]
[494, 510]
[494, 511]
[494, 512]
[494, 513]
[494, 514]
[494, 519]
[494, 609]
[494, 610]
[494, 611]
[494, 612]
[494, 613]
[494, 614]
[494, 615]
[494, 616]
[494, 617]
[494, 618]
[494, 619]
[494, 625]
[494, 626]
[494, 627]
[494, 629]
[494, 630]
[494, 631]
[494, 633]
[494, 634]
[494, 635]
[494, 637]
[494, 638]
[495, 496]
[495, 497]
[495, 498]
[495, 499]
[495, 500]
[495, 501]
[495, 502]
[495, 503]
[495, 504]
[495, 505]
[495, 506]
[495, 507]
[495, 508]
[495, 509]
[495, 510]
[495, 511]
[495, 512]
[495, 513]
[495, 514]
[495, 515]
[495, 516]
[495, 518]
[495, 519]
[495, 520]
[495, 521]
[495, 609]
[495, 610]
[495, 611]
[495, 612]
[495, 613]
[495, 614]
[495, 615]
[495, 621]
[495, 622]
[495, 623]
[495, 625]
[495, 626]
[495, 627]
[495, 629]
[495, 630]
[495, 631]
[495, 633]
[495, 634]
[495, 635]
[495, 637]
[495, 638]
[496, 497]
[496, 498]
[496, 499]
[496, 500]
[496, 501]
[496, 502]
[496, 503]
[496, 504]
[496, 505]
[496, 506]
[496, 507]
[496, 508]
[496, 509]
[496, 510]
[496, 511]
[496, 512]
[496, 513]
[496, 514]
[496, 515]
[496, 516]
[496, 518]
[496, 519]
[496, 520]
[496, 521]
[496, 609]
[496, 610]
[496, 611]
[496, 617]
[496, 618]
[496, 619]
[496, 621]
[496, 622]
[496, 623]
[496, 625]
[496, 626]
[496, 627]
[496, 629]
[496, 630]
[496, 631]
[496, 633]
[496, 634]
[496, 635]
[496, 637]
[496, 638]
[497, 498]
[497, 499]
[497, 500]
[497, 501]
[497, 502]
[497, 503]
[497, 504]
[497, 505]
[497, 506]
[497, 507]
[497, 508]
[497, 509]
[497, 510]
[497, 511]
[497, 512]
[497, 513]
[497, 514]
[497, 515]
[497, 516]
[497, 518]
[497, 519]
[497, 520]
[497, 521]
[497, 613]
[497, 614]
[497, 615]
[497, 617]
[497, 618]
[497, 619]
[497, 621]
[497, 622]
[497, 623]
[497, 625]
[497, 626]
[497, 627]
[497, 629]
[497, 630]
[497, 631]
[497, 633]
[497, 634]
[497, 635]
[497, 637]
[497, 638]
[498, 499]
[498, 500]
[498, 501]
[498, 502]
[498, 503]
[498, 504]
[498, 505]
[498, 506]
[498, 507]
[498, 508]
[498, 509]
[498, 510]
[498, 511]
[498, 512]
[498, 513]
[498, 514]
[498, 515]
[498, 516]
[498, 518]
[498, 519]
[498, 520]
[498, 521]
[498, 610]
[498, 611]
[498, 613]
[498, 614]
[498, 615]
[498, 617]
[498, 618]
[498, 619]
[498, 621]
[498, 622]
[498, 623]
[498, 625]
[498, 626]
[498, 627]
[498, 629]
[498, 630]
[498, 631]
[498, 633]
[498, 634]
[498, 635]
[498, 637]
[498, 638]
[499, 500]
[499, 501]
[499, 502]
[499, 503]
[499, 504]
[499, 505]
[499, 506]
[499, 507]
[499, 508]
[499, 509]
[499, 510]
[499, 511]
[499, 512]
[499, 513]
[499, 514]
[499, 515]
[499, 516]
[499, 518]
[499, 519]
[499, 520]
[499, 521]
[499, 610]
[499, 611]
[499, 613]
[499, 614]
[499, 615]
[499, 617]
[499, 618]
[499, 619]
[499, 621]
[499, 622]
[499, 623]
[499, 625]
[499, 626]
[499, 627]
[499, 629]
[499, 630]
[499, 631]
[499, 633]
[499, 634]
[499, 635]
[499, 637]
[499, 638]
[500, 501]
[500, 502]
[500, 503]
[500, 504]
[500, 505]
[500, 506]
[500, 507]
[500, 508]
[500, 509]
[500, 510]
[500, 511]
[500, 512]
[500, 513]
[500, 514]
[500, 519]
[500, 610]
[500, 611]
[500, 613]
[500, 614]
[500, 615]
[500, 617]
[500, 618]
[500, 619]
[500, 621]
[500, 622]
[500, 623]
[500, 625]
[500, 626]
[500, 627]
[500, 629]
[500, 630]
[500, 631]
[500, 633]
[500, 634]
[500, 635]
[500, 637]
[500, 638]
[501, 502]
[501, 503]
[501, 504]
[501, 505]
[501, 506]
[501, 507]
[501, 508]
[501, 509]
[501, 510]
[501, 511]
[501, 512]
[501, 513]
[501, 514]
[501, 515]
[501, 516]
[501, 518]
[501, 519]
[501, 520]
[501, 521]
[501, 610]
[501, 611]
[501, 613]
[501, 614]
[501, 615]
[501, 617]
[501, 618]
[501, 619]
[501, 621]
[501, 622]
[501, 623]
[501, 625]
[501, 626]
[501, 627]
[501, 629]
[501, 630]
[501, 631]
[501, 633]
[501, 634]
[501, 635]
[501, 637]
[501, 638]
[502, 503]
[502, 504]
[502, 505]
[502, 506]
[502, 507]
[502, 508]
[502, 509]
[502, 510]
[502, 511]
[502, 512]
[502, 513]
[502, 514]
[502, 519]
[502, 610]
[502, 611]
[502, 613]
[502, 614]
[502, 615]
[502, 617]
[502, 618]
[502, 619]
[502, 621]
[502, 622]
[502, 623]
[502, 625]
[502, 626]
[502, 627]
[502, 629]
[502, 630]
[502, 631]
[502, 633]
[502, 634]
[502, 635]
[502, 637]
[502, 638]
[503, 504]
[503, 505]
[503, 506]
[503, 507]
[503, 508]
[503, 509]
[503, 510]
[503, 511]
[503, 512]
[503, 513]
[503, 514]
[503, 519]
[503, 610]
[503, 611]
[503, 613]
[503, 614]
[503, 615]
[503, 617]
[503, 618]
[503, 619]
[503, 621]
[503, 622]
[503, 623]
[503, 625]
[503, 626]
[503, 627]
[503, 629]
[503, 630]
[503, 631]
[503, 633]
[503, 634]
[503, 635]
[503, 637]
[503, 638]
[504, 505]
[504, 506]
[504, 507]
[504, 508]
[504, 509]
[504, 510]
[504, 511]
[504, 512]
[504, 513]
[504, 514]
[504, 519]
[504, 610]
[504, 611]
[504, 613]
[504, 614]
[504, 615]
[504, 617]
[504, 618]
[504, 619]
[504, 621]
[504, 622]
[504, 623]
[504, 625]
[504, 626]
[504, 627]
[504, 629]
[504, 630]
[504, 631]
[504, 633]
[504, 634]
[504, 635]
[504, 637]
[504, 638]
[505, 506]
[505, 507]
[505, 508]
[505, 509]
[505, 510]
[505, 511]
[505, 512]
[505, 513]
[505, 514]
[505, 515]
[505, 516]
[505, 518]
[505, 519]
[505, 520]
[505, 521]
[505, 610]
[505, 611]
[505, 613]
[505, 614]
[505, 615]
[505, 617]
[505, 618]
[505, 619]
[505, 621]
[505, 622]
[505, 623]
[505, 625]
[505, 626]
[505, 627]
[505, 629]
[505, 630]
[505, 631]
[505, 633]
[505, 634]
[505, 635]
[505, 637]
[505, 638]
[506, 507]
[506, 508]
[506, 509]
[506, 510]
[506, 511]
[506, 512]
[506, 513]
[506, 514]
[506, 519]
[506, 610]
[506, 611]
[506, 613]
[506, 614]
[506, 615]
[506, 617]
[506, 618]
[506, 619]
[506, 621]
[506, 622]
[506, 623]
[506, 625]
[506, 626]
[506, 627]
[506, 629]
[506, 630]
[506, 631]
[506, 633]
[506, 634]
[506, 635]
[506, 637]
[506, 638]
[507, 508]
[507, 509]
[507, 510]
[507, 511]
[507, 512]
[507, 513]
[507, 514]
[507, 515]
[507, 516]
[507, 518]
[507, 519]
[507, 520]
[507, 521]
[507, 610]
[507, 611]
[507, 613]
[507, 614]
[507, 615]
[507, 617]
[507, 618]
[507, 619]
[507, 621]
[507, 622]
[507, 623]
[507, 625]
[507, 626]
[507, 627]
[507, 629]
[507, 630]
[507, 631]
[507, 633]
[507, 634]
[507, 635]
[507, 637]
[507, 638]
[508, 509]
[508, 510]
[508, 511]
[508, 512]
[508, 513]
[508, 514]
[508, 519]
[508, 610]
[508, 611]
[508, 613]
[508, 614]
[508, 615]
[508, 617]
[508, 618]
[508, 619]
[508, 621]
[508, 622]
[508, 623]
[508, 625]
[508, 626]
[508, 627]
[508, 629]
[508, 630]
[508, 631]
[508, 633]
[508, 634]
[508, 635]
[508, 637]
[508, 638]
[509, 510]
[509, 511]
[509, 512]
[509, 513]
[509, 514]
[509, 519]
[509, 610]
[509, 611]
[509, 613]
[509, 614]
[509, 615]
[509, 617]
[509, 618]
[509, 619]
[509, 621]
[509, 622]
[509, 623]
[509, 625]
[509, 626]
[509, 627]
[509, 629]
[509, 630]
[509, 631]
[509, 633]
[509, 634]
[509, 635]
[509, 637]
[509, 638]
[510, 511]
[510, 512]
[510, 513]
[510, 514]
[510, 519]
[510, 610]
[510, 611]
[510, 613]
[510, 614]
[510, 615]
[510, 617]
[510, 618]
[510, 619]
[510, 621]
[510, 622]
[510, 623]
[510, 625]
[510, 626]
[510, 627]
[510, 629]
[510, 630]
[510, 631]
[510, 633]
[510, 634]
[510, 635]
[510, 637]
[510, 638]
[511, 512]
[511, 513]
[511, 514]
[511, 515]
[511, 516]
[511, 518]
[511, 519]
[511, 520]
[511, 521]
[511, 610]
[511, 611]
[511, 613]
[511, 614]
[511, 615]
[511, 617]
[511, 618]
[511, 619]
[511, 621]
[511, 622]
[511, 623]
[511, 625]
[511, 626]
[511, 627]
[511, 629]
[511, 630]
[511, 631]
[511, 633]
[511, 634]
[511, 635]
[511, 637]
[511, 638]
[512, 513]
[512, 514]
[512, 519]
[512, 610]
[512, 611]
[512, 613]
[512, 614]
[512, 615]
[512, 617]
[512, 618]
[512, 619]
[512, 621]
[512, 622]
[512, 623]
[512, 625]
[512, 626]
[512, 627]
[512, 629]
[512, 630]
[512, 631]
[512, 633]
[512, 634]
[512, 635]
[512, 637]
[512, 638]
[513, 514]
[513, 515]
[513, 516]
[513, 518]
[513, 519]
[513, 520]
[513, 521]
[513, 610]
[513, 611]
[513, 613]
[513, 614]
[513, 615]
[513, 617]
[513, 618]
[513, 619]
[513, 621]
[513, 622]
[513, 623]
[513, 625]
[513, 626]
[513, 627]
[513, 629]
[513, 630]
[513, 631]
[513, 633]
[513, 634]
[513, 635]
[513, 637]
[513, 638]
[514, 515]
[514, 516]
[514, 518]
[514, 519]
[514, 520]
[514, 521]
[514, 610]
[514, 611]
[514, 613]
[514, 614]
[514, 615]
[514, 617]
[514, 618]
[514, 619]
[514, 621]
[514, 622]
[514, 623]
[514, 625]
[514, 626]
[514, 627]
[514, 629]
[514, 630]
[514, 631]
[514, 633]
[514, 634]
[514, 635]
[514, 637]
[514, 638]
[515, 519]
[515, 610]
[515, 611]
[515, 613]
[515, 614]
[515, 615]
[515, 617]
[515, 618]
[515, 619]
[515, 621]
[515, 625]
[515, 626]
[515, 627]
[515, 631]
[515, 634]
[515, 635]
[516, 610]
[516, 611]
[516, 613]
[516, 614]
[516, 615]
[516, 617]
[516, 618]
[516, 619]
[516, 621]
[516, 625]
[516, 626]
[516, 627]
[516, 631]
[516, 634]
[516, 635]
[518, 610]
[518, 611]
[518, 613]
[518, 614]
[518, 615]
[518, 617]
[518, 618]
[518, 619]
[518, 621]
[518, 625]
[518, 626]
[518, 627]
[518, 631]
[518, 634]
[518, 635]
[519, 610]
[519, 611]
[519, 613]
[519, 614]
[519, 615]
[519, 617]
[519, 618]
[519, 619]
[519, 621]
[519, 622]
[519, 623]
[519, 625]
[519, 626]
[519, 627]
[519, 629]
[519, 630]
[519, 631]
[519, 633]
[519, 634]
[519, 635]
[519, 637]
[519, 638]
[520, 610]
[520, 611]
[520, 613]
[520, 614]
[520, 615]
[520, 617]
[520, 618]
[520, 619]
[520, 621]
[520, 625]
[520, 626]
[520, 627]
[520, 631]
[520, 634]
[520, 635]
[521, 610]
[521, 611]
[521, 613]
[521, 614]
[521, 615]
[521, 617]
[521, 618]
[521, 619]
[521, 621]
[521, 625]
[521, 626]
[521, 627]
[521, 631]
[521, 634]
[521, 635]
[522, 556]
[522, 772]
[533, 534]
[533, 536]
[533, 537]
[534, 536]
[534, 537]
[535, 723]
[536, 537]
[539, 772]
[540, 772]
[542, 772]
[547, 548]
[547, 551]
[547, 552]
[547, 553]
[547, 555]
[547, 557]
[547, 558]
[548, 552]
[548, 553]
[548, 555]
[548, 557]
[548, 558]
[549, 772]
[552, 556]
[556, 772]
[566, 571]
[566, 575]
[566, 577]
[566, 578]
[566, 583]
[566, 586]
[566, 587]
[566, 588]
[566, 589]
[566, 590]
[566, 592]
[566, 593]
[566, 594]
[566, 595]
[566, 597]
[566, 602]
[567, 571]
[567, 575]
[567, 577]
[567, 578]
[567, 583]
[567, 586]
[567, 587]
[567, 588]
[567, 589]
[567, 590]
[567, 592]
[567, 593]
[567, 594]
[567, 595]
[567, 597]
[567, 602]
[568, 575]
[568, 577]
[568, 578]
[568, 583]
[568, 586]
[568, 587]
[568, 588]
[568, 589]
[568, 590]
[568, 592]
[568, 593]
[568, 594]
[568, 595]
[568, 597]
[568, 602]
[570, 575]
[570, 577]
[570, 578]
[570, 583]
[570, 586]
[570, 587]
[570, 588]
[570, 589]
[570, 590]
[570, 592]
[570, 593]
[570, 594]
[570, 595]
[570, 597]
[570, 602]
[572, 575]
[572, 577]
[572, 578]
[572, 583]
[572, 586]
[572, 587]
[572, 588]
[572, 589]
[572, 590]
[572, 592]
[572, 593]
[572, 594]
[572, 595]
[572, 597]
[572, 602]
[573, 575]
[573, 577]
[573, 578]
[573, 583]
[573, 586]
[573, 587]
[573, 588]
[573, 589]
[573, 590]
[573, 592]
[573, 593]
[573, 594]
[573, 595]
[573, 597]
[573, 602]
[575, 580]
[575, 581]
[575, 583]
[575, 593]
[575, 596]
[575, 597]
[575, 598]
[575, 602]
[576, 588]
[577, 580]
[577, 581]
[577, 583]
[577, 593]
[577, 596]
[577, 597]
[577, 598]
[577, 602]
[578, 580]
[578, 581]
[578, 583]
[578, 593]
[578, 596]
[578, 597]
[578, 598]
[578, 602]
[580, 586]
[580, 587]
[580, 597]
[580, 601]
[580, 602]
[581, 586]
[581, 587]
[581, 597]
[581, 601]
[581, 602]
[583, 586]
[583, 587]
[583, 597]
[583, 601]
[583, 602]
[586, 587]
[586, 593]
[586, 596]
[586, 597]
[586, 598]
[586, 602]
[587, 593]
[587, 596]
[587, 597]
[587, 598]
[587, 602]
[589, 593]
[589, 596]
[589, 597]
[589, 598]
[589, 602]
[590, 596]
[590, 597]
[590, 598]
[590, 602]
[592, 596]
[592, 597]
[592, 598]
[592, 602]
[594, 596]
[594, 597]
[594, 598]
[594, 602]
[595, 596]
[595, 597]
[595, 598]
[595, 602]
[609, 610]
[609, 613]
[609, 614]
[609, 615]
[609, 617]
[609, 618]
[609, 619]
[609, 621]
[609, 622]
[609, 623]
[609, 625]
[609, 626]
[609, 627]
[609, 629]
[609, 630]
[609, 631]
[609, 633]
[609, 634]
[609, 635]
[609, 637]
[609, 638]
[610, 611]
[610, 613]
[610, 614]
[610, 615]
[610, 617]
[610, 618]
[610, 619]
[610, 621]
[610, 622]
[610, 623]
[610, 625]
[610, 626]
[610, 627]
[610, 629]
[610, 630]
[610, 631]
[610, 633]
[610, 634]
[610, 635]
[610, 637]
[610, 638]
[611, 613]
[611, 614]
[611, 615]
[611, 617]
[611, 618]
[611, 619]
[611, 621]
[611, 622]
[611, 623]
[611, 625]
[611, 626]
[611, 627]
[611, 629]
[611, 630]
[611, 631]
[611, 633]
[611, 634]
[611, 635]
[611, 637]
[611, 638]
[612, 613]
[612, 617]
[612, 618]
[612, 619]
[612, 621]
[612, 622]
[612, 623]
[612, 625]
[612, 626]
[612, 627]
[612, 629]
[612, 630]
[612, 631]
[612, 633]
[612, 634]
[612, 635]
[612, 637]
[612, 638]
[613, 614]
[613, 615]
[613, 617]
[613, 618]
[613, 619]
[613, 621]
[613, 622]
[613, 623]
[613, 625]
[613, 626]
[613, 627]
[613, 629]
[613, 630]
[613, 631]
[613, 633]
[613, 634]
[613, 635]
[613, 637]
[613, 638]
[614, 615]
[614, 617]
[614, 618]
[614, 619]
[614, 621]
[614, 622]
[614, 623]
[614, 625]
[614, 626]
[614, 627]
[614, 629]
[614, 630]
[614, 631]
[614, 633]
[614, 634]
[614, 635]
[614, 637]
[614, 638]
[615, 617]
[615, 618]
[615, 619]
[615, 621]
[615, 622]
[615, 623]
[615, 625]
[615, 626]
[615, 627]
[615, 629]
[615, 630]
[615, 631]
[615, 633]
[615, 634]
[615, 635]
[615, 637]
[615, 638]
[616, 617]
[616, 621]
[616, 622]
[616, 623]
[616, 625]
[616, 626]
[616, 627]
[616, 629]
[616, 630]
[616, 631]
[616, 633]
[616, 634]
[616, 635]
[616, 637]
[616, 638]
[617, 618]
[617, 619]
[617, 621]
[617, 622]
[617, 623]
[617, 625]
[617, 626]
[617, 627]
[617, 629]
[617, 630]
[617, 631]
[617, 633]
[617, 634]
[617, 635]
[617, 637]
[617, 638]
[618, 619]
[618, 621]
[618, 622]
[618, 623]
[618, 625]
[618, 626]
[618, 627]
[618, 629]
[618, 630]
[618, 631]
[618, 633]
[618, 634]
[618, 635]
[618, 637]
[618, 638]
[619, 621]
[619, 622]
[619, 623]
[619, 625]
[619, 626]
[619, 627]
[619, 629]
[619, 630]
[619, 631]
[619, 633]
[619, 634]
[619, 635]
[619, 637]
[619, 638]
[620, 621]
[620, 625]
[620, 626]
[620, 627]
[620, 629]
[620, 630]
[620, 631]
[620, 633]
[620, 634]
[620, 635]
[620, 637]
[620, 638]
[621, 622]
[621, 623]
[621, 625]
[621, 626]
[621, 627]
[621, 629]
[621, 630]
[621, 631]
[621, 633]
[621, 634]
[621, 635]
[621, 637]
[621, 638]
[622, 623]
[622, 625]
[622, 626]
[622, 627]
[622, 629]
[622, 630]
[622, 631]
[622, 633]
[622, 634]
[622, 635]
[622, 637]
[622, 638]
[623, 625]
[623, 626]
[623, 627]
[623, 629]
[623, 630]
[623, 631]
[623, 633]
[623, 634]
[623, 635]
[623, 637]
[623, 638]
[624, 625]
[624, 629]
[624, 630]
[624, 631]
[624, 633]
[624, 634]
[624, 635]
[624, 637]
[624, 638]
[625, 626]
[625, 627]
[625, 629]
[625, 630]
[625, 631]
[625, 633]
[625, 634]
[625, 635]
[625, 637]
[625, 638]
[626, 627]
[626, 629]
[626, 630]
[626, 631]
[626, 633]
[626, 634]
[626, 635]
[626, 637]
[626, 638]
[627, 629]
[627, 630]
[627, 631]
[627, 633]
[627, 634]
[627, 635]
[627, 637]
[627, 638]
[628, 629]
[628, 633]
[628, 634]
[628, 635]
[628, 637]
[628, 638]
[629, 630]
[629, 631]
[629, 633]
[629, 634]
[629, 635]
[629, 637]
[629, 638]
[630, 631]
[630, 633]
[630, 634]
[630, 635]
[630, 637]
[630, 638]
[631, 633]
[631, 634]
[631, 635]
[631, 637]
[631, 638]
[632, 633]
[632, 637]
[632, 638]
[633, 634]
[633, 635]
[633, 637]
[633, 638]
[634, 635]
[634, 637]
[634, 638]
[635, 637]
[635, 638]
[636, 637]
[637, 638]
[647, 653]
[647, 654]
[648, 653]
[648, 654]
[649, 653]
[649, 654]
[650, 653]
[650, 654]
[651, 674]
[656, 662]
[656, 663]
[656, 664]
[656, 665]
[656, 666]
[656, 667]
[656, 668]
[656, 669]
[656, 671]
[656, 673]
[659, 662]
[659, 665]
[659, 667]
[659, 668]
[662, 667]
[662, 668]
[662, 669]
[662, 671]
[662, 673]
[663, 667]
[663, 668]
[663, 669]
[663, 671]
[663, 673]
[664, 667]
[664, 668]
[664, 669]
[664, 671]
[664, 673]
[665, 667]
[665, 668]
[665, 669]
[665, 671]
[665, 672]
[665, 673]
[666, 667]
[666, 668]
[666, 669]
[666, 671]
[666, 673]
[667, 672]
[669, 672]
[671, 672]
[695, 700]
[695, 701]
[713, 718]
[713, 719]
[720, 724]
[721, 724]
[722, 724]
[725, 729]
[726, 729]
[727, 729]
[734, 739]
[734, 740]
[775, 778]
[775, 779]
[775, 781]
[775, 783]
[775, 784]
[797, 803]
[797, 804]
[797, 805]
[797, 806]
[797, 808]
[798, 803]
[798, 804]
[798, 805]
[798, 806]
[798, 808]
[799, 803]
[799, 804]
[799, 805]
[799, 806]
[799, 808]
[801, 803]
[801, 804]
[801, 805]
[806, 808]
[837, 838]
