[2, 311]
[2, 834]
[3, 311]
[18, 122]
[18, 124]
[18, 566]
[18, 567]
[18, 568]
[18, 570]
[18, 572]
[18, 573]
[18, 604]
[18, 608]
[24, 36]
[24, 37]
[24, 38]
[24, 41]
[26, 31]
[26, 32]
[26, 33]
[26, 34]
[26, 122]
[26, 124]
[26, 566]
[26, 567]
[26, 568]
[26, 570]
[26, 572]
[26, 573]
[26, 604]
[26, 608]
[27, 31]
[27, 32]
[27, 33]
[27, 34]
[27, 122]
[27, 124]
[27, 566]
[27, 567]
[27, 568]
[27, 570]
[27, 572]
[27, 573]
[27, 604]
[27, 608]
[28, 122]
[28, 124]
[28, 566]
[28, 567]
[28, 568]
[28, 570]
[28, 572]
[28, 573]
[28, 604]
[28, 608]
[29, 31]
[29, 32]
[29, 33]
[29, 34]
[29, 122]
[29, 124]
[29, 566]
[29, 567]
[29, 568]
[29, 570]
[29, 572]
[29, 573]
[29, 604]
[29, 608]
[30, 122]
[30, 124]
[30, 566]
[30, 567]
[30, 568]
[30, 570]
[30, 572]
[30, 573]
[30, 604]
[30, 608]
[31, 122]
[31, 124]
[31, 566]
[31, 567]
[31, 568]
[31, 570]
[31, 572]
[31, 573]
[31, 604]
[31, 608]
[32, 122]
[32, 124]
[32, 566]
[32, 567]
[32, 568]
[32, 570]
[32, 572]
[32, 573]
[32, 604]
[32, 608]
[33, 36]
[34, 122]
[34, 124]
[34, 566]
[34, 567]
[34, 568]
[34, 570]
[34, 572]
[34, 573]
[34, 604]
[34, 608]
[36, 37]
[36, 41]
[39, 122]
[39, 124]
[39, 566]
[39, 567]
[39, 568]
[39, 570]
[39, 572]
[39, 573]
[39, 601]
[39, 604]
[39, 608]
[44, 723]
[47, 723]
[49, 677]
[56, 92]
[66, 355]
[67, 355]
[77, 113]
[77, 355]
[78, 429]
[79, 477]
[80, 477]
[83, 477]
[87, 240]
[87, 339]
[87, 340]
[87, 341]
[87, 344]
[87, 347]
[89, 364]
[91, 487]
[91, 489]
[91, 491]
[91, 492]
[91, 493]
[91, 494]
[91, 495]
[91, 496]
[91, 497]
[91, 498]
[91, 499]
[91, 500]
[91, 501]
[91, 502]
[91, 503]
[91, 504]
[91, 505]
[91, 506]
[91, 507]
[91, 508]
[91, 509]
[91, 510]
[91, 511]
[91, 512]
[91, 513]
[91, 514]
[91, 519]
[91, 609]
[91, 610]
[91, 611]
[91, 612]
[91, 613]
[91, 614]
[91, 615]
[91, 616]
[91, 617]
[91, 618]
[91, 619]
[91, 620]
[91, 621]
[91, 622]
[91, 623]
[91, 624]
[91, 625]
[91, 626]
[91, 627]
[91, 628]
[91, 629]
[91, 630]
[91, 631]
[91, 632]
[91, 633]
[91, 634]
[91, 635]
[91, 636]
[91, 638]
[95, 96]
[95, 98]
[95, 100]
[102, 103]
[102, 105]
[102, 107]
[102, 428]
[103, 428]
[105, 428]
[107, 428]
[108, 428]
[109, 110]
[109, 112]
[109, 114]
[113, 355]
[122, 124]
[122, 566]
[122, 567]
[122, 568]
[122, 570]
[122, 572]
[122, 573]
[122, 601]
[122, 604]
[122, 608]
[124, 566]
[124, 567]
[124, 568]
[124, 570]
[124, 572]
[124, 573]
[124, 601]
[124, 604]
[124, 608]
[131, 767]
[131, 768]
[131, 769]
[134, 148]
[134, 162]
[135, 767]
[135, 768]
[135, 769]
[145, 159]
[145, 163]
[148, 162]
[149, 159]
[149, 163]
[165, 167]
[165, 170]
[167, 172]
[170, 172]
[184, 198]
[184, 202]
[184, 203]
[184, 204]
[184, 206]
[184, 259]
[185, 198]
[185, 202]
[185, 203]
[185, 204]
[185, 206]
[185, 259]
[186, 549]
[186, 776]
[192, 550]
[193, 198]
[193, 202]
[193, 203]
[193, 204]
[193, 206]
[194, 198]
[194, 202]
[194, 203]
[194, 204]
[194, 206]
[195, 254]
[195, 256]
[196, 198]
[196, 202]
[196, 203]
[196, 204]
[196, 206]
[207, 212]
[214, 786]
[214, 787]
[214, 788]
[214, 790]
[214, 792]
[214, 793]
[235, 248]
[235, 252]
[235, 253]
[236, 248]
[236, 252]
[236, 253]
[238, 247]
[238, 248]
[238, 249]
[238, 252]
[238, 253]
[240, 339]
[240, 340]
[240, 341]
[240, 344]
[240, 347]
[241, 756]
[242, 861]
[247, 252]
[248, 252]
[249, 252]
[257, 261]
[257, 662]
[257, 663]
[257, 664]
[257, 665]
[257, 666]
[257, 667]
[257, 668]
[257, 669]
[257, 671]
[257, 672]
[257, 673]
[258, 662]
[258, 663]
[258, 664]
[258, 665]
[258, 666]
[258, 667]
[258, 668]
[258, 669]
[258, 671]
[258, 672]
[258, 673]
[261, 662]
[261, 663]
[261, 664]
[261, 665]
[261, 666]
[261, 667]
[261, 668]
[261, 669]
[261, 671]
[261, 672]
[261, 673]
[263, 861]
[266, 270]
[273, 795]
[283, 286]
[283, 298]
[283, 308]
[287, 291]
[287, 294]
[287, 295]
[290, 293]
[290, 301]
[290, 302]
[290, 303]
[290, 304]
[290, 307]
[290, 319]
[290, 321]
[290, 324]
[290, 327]
[293, 319]
[293, 321]
[293, 324]
[293, 327]
[296, 319]
[296, 321]
[296, 324]
[296, 327]
[298, 308]
[301, 302]
[301, 303]
[301, 304]
[301, 305]
[301, 306]
[301, 307]
[301, 319]
[301, 321]
[301, 324]
[301, 327]
[302, 307]
[302, 319]
[302, 321]
[302, 324]
[302, 327]
[303, 307]
[303, 319]
[303, 321]
[303, 324]
[303, 327]
[304, 307]
[304, 319]
[304, 321]
[304, 324]
[304, 327]
[307, 319]
[307, 321]
[307, 324]
[307, 327]
[310, 315]
[311, 834]
[312, 315]
[316, 322]
[316, 326]
[319, 324]
[321, 324]
[328, 330]
[328, 332]
[328, 334]
[328, 811]
[328, 812]
[328, 813]
[329, 330]
[329, 332]
[329, 334]
[329, 811]
[329, 812]
[329, 813]
[330, 811]
[330, 812]
[330, 813]
[332, 811]
[332, 812]
[332, 813]
[334, 811]
[334, 812]
[334, 813]
[335, 811]
[335, 812]
[335, 813]
[339, 344]
[340, 344]
[341, 344]
[358, 365]
[358, 366]
[358, 367]
[358, 368]
[358, 370]
[358, 371]
[358, 372]
[359, 365]
[359, 366]
[359, 367]
[359, 368]
[359, 370]
[359, 371]
[359, 372]
[361, 363]
[366, 371]
[367, 371]
[368, 371]
[374, 380]
[375, 383]
[375, 385]
[375, 387]
[376, 383]
[376, 385]
[376, 387]
[377, 380]
[382, 831]
[397, 401]
[398, 401]
[399, 401]
[412, 422]
[455, 459]
[461, 463]
[461, 465]
[461, 467]
[461, 809]
[462, 463]
[462, 465]
[462, 467]
[462, 809]
[463, 809]
[465, 809]
[466, 809]
[467, 809]
[468, 809]
[469, 476]
[487, 489]
[487, 490]
[487, 491]
[487, 492]
[487, 493]
[487, 494]
[487, 495]
[487, 496]
[487, 497]
[487, 498]
[487, 499]
[487, 500]
[487, 501]
[487, 502]
[487, 503]
[487, 504]
[487, 505]
[487, 506]
[487, 507]
[487, 508]
[487, 509]
[487, 510]
[487, 511]
[487, 512]
[487, 513]
[487, 514]
[487, 519]
[487, 609]
[487, 610]
[487, 611]
[487, 612]
[487, 613]
[487, 614]
[487, 615]
[487, 616]
[487, 617]
[487, 618]
[487, 619]
[487, 620]
[487, 621]
[487, 622]
[487, 623]
[487, 624]
[487, 625]
[487, 626]
[487, 627]
[487, 628]
[487, 629]
[487, 630]
[487, 631]
[487, 632]
[487, 633]
[487, 634]
[487, 635]
[487, 636]
[487, 637]
[487, 638]
[489, 491]
[489, 492]
[489, 493]
[489, 494]
[489, 495]
[489, 496]
[489, 497]
[489, 498]
[489, 499]
[489, 500]
[489, 501]
[489, 502]
[489, 503]
[489, 504]
[489, 505]
[489, 506]
[489, 507]
[489, 508]
[489, 509]
[489, 510]
[489, 511]
[489, 512]
[489, 513]
[489, 514]
[489, 519]
[489, 609]
[489, 610]
[489, 611]
[489, 612]
[489, 613]
[489, 614]
[489, 615]
[489, 616]
[489, 617]
[489, 618]
[489, 619]
[489, 620]
[489, 621]
[489, 622]
[489, 623]
[489, 624]
[489, 625]
[489, 626]
[489, 627]
[489, 628]
[489, 629]
[489, 630]
[489, 631]
[489, 632]
[489, 633]
[489, 634]
[489, 635]
[489, 636]
[489, 637]
[489, 638]
[490, 636]
[490, 637]
[490, 638]
[491, 632]
[491, 633]
[491, 634]
[491, 635]
[491, 636]
[492, 628]
[492, 629]
[492, 630]
[492, 631]
[492, 632]
[492, 636]
[493, 624]
[493, 625]
[493, 626]
[493, 627]
[493, 628]
[493, 632]
[493, 636]
[494, 620]
[494, 621]
[494, 622]
[494, 623]
[494, 624]
[494, 628]
[494, 632]
[494, 636]
[495, 616]
[495, 617]
[495, 618]
[495, 619]
[495, 620]
[495, 624]
[495, 628]
[495, 632]
[495, 636]
[496, 612]
[496, 613]
[496, 614]
[496, 615]
[496, 616]
[496, 620]
[496, 624]
[496, 628]
[496, 632]
[496, 636]
[497, 609]
[497, 610]
[497, 611]
[497, 612]
[497, 616]
[497, 620]
[497, 624]
[497, 628]
[497, 632]
[497, 636]
[498, 609]
[498, 612]
[498, 616]
[498, 620]
[498, 624]
[498, 628]
[498, 632]
[498, 636]
[499, 609]
[499, 612]
[499, 616]
[499, 620]
[499, 624]
[499, 628]
[499, 632]
[499, 636]
[500, 609]
[500, 612]
[500, 616]
[500, 620]
[500, 624]
[500, 628]
[500, 632]
[500, 636]
[501, 609]
[501, 612]
[501, 616]
[501, 620]
[501, 624]
[501, 628]
[501, 632]
[501, 636]
[502, 609]
[502, 612]
[502, 616]
[502, 620]
[502, 624]
[502, 628]
[502, 632]
[502, 636]
[503, 609]
[503, 612]
[503, 616]
[503, 620]
[503, 624]
[503, 628]
[503, 632]
[503, 636]
[504, 609]
[504, 612]
[504, 616]
[504, 620]
[504, 624]
[504, 628]
[504, 632]
[504, 636]
[505, 609]
[505, 612]
[505, 616]
[505, 620]
[505, 624]
[505, 628]
[505, 632]
[505, 636]
[506, 609]
[506, 612]
[506, 616]
[506, 620]
[506, 624]
[506, 628]
[506, 632]
[506, 636]
[507, 609]
[507, 612]
[507, 616]
[507, 620]
[507, 624]
[507, 628]
[507, 632]
[507, 636]
[508, 609]
[508, 612]
[508, 616]
[508, 620]
[508, 624]
[508, 628]
[508, 632]
[508, 636]
[509, 609]
[509, 612]
[509, 616]
[509, 620]
[509, 624]
[509, 628]
[509, 632]
[509, 636]
[510, 609]
[510, 612]
[510, 616]
[510, 620]
[510, 624]
[510, 628]
[510, 632]
[510, 636]
[511, 609]
[511, 612]
[511, 616]
[511, 620]
[511, 624]
[511, 628]
[511, 632]
[511, 636]
[512, 609]
[512, 612]
[512, 616]
[512, 620]
[512, 624]
[512, 628]
[512, 632]
[512, 636]
[513, 609]
[513, 612]
[513, 616]
[513, 620]
[513, 624]
[513, 628]
[513, 632]
[513, 636]
[514, 609]
[514, 612]
[514, 616]
[514, 620]
[514, 624]
[514, 628]
[514, 632]
[514, 636]
[515, 516]
[515, 518]
[515, 520]
[515, 794]
[516, 794]
[518, 794]
[519, 609]
[519, 612]
[519, 616]
[519, 620]
[519, 624]
[519, 628]
[519, 632]
[519, 636]
[520, 794]
[521, 794]
[546, 548]
[546, 773]
[548, 551]
[549, 776]
[551, 553]
[551, 555]
[551, 557]
[552, 553]
[552, 555]
[552, 557]
[566, 568]
[566, 570]
[566, 572]
[566, 601]
[566, 604]
[567, 568]
[567, 570]
[567, 572]
[567, 601]
[567, 604]
[568, 601]
[568, 604]
[570, 601]
[570, 604]
[571, 575]
[571, 577]
[571, 578]
[571, 580]
[571, 581]
[571, 583]
[571, 586]
[571, 587]
[571, 589]
[571, 590]
[571, 592]
[571, 593]
[571, 594]
[571, 595]
[571, 596]
[571, 597]
[571, 598]
[571, 601]
[571, 602]
[571, 604]
[572, 601]
[572, 604]
[573, 601]
[573, 604]
[575, 586]
[575, 587]
[575, 590]
[575, 592]
[575, 594]
[575, 601]
[575, 604]
[576, 580]
[576, 581]
[576, 583]
[576, 604]
[577, 586]
[577, 587]
[577, 590]
[577, 592]
[577, 594]
[577, 601]
[577, 604]
[578, 586]
[578, 587]
[578, 590]
[578, 592]
[578, 594]
[578, 601]
[578, 604]
[580, 588]
[580, 590]
[580, 592]
[580, 594]
[580, 604]
[581, 588]
[581, 590]
[581, 592]
[581, 594]
[581, 604]
[583, 588]
[583, 590]
[583, 592]
[583, 594]
[583, 604]
[586, 590]
[586, 592]
[586, 594]
[586, 604]
[587, 590]
[587, 592]
[587, 594]
[587, 604]
[588, 604]
[589, 590]
[589, 592]
[589, 594]
[589, 601]
[589, 604]
[590, 601]
[590, 604]
[592, 601]
[592, 604]
[593, 596]
[593, 597]
[593, 598]
[593, 601]
[593, 602]
[593, 604]
[594, 601]
[594, 604]
[595, 601]
[595, 604]
[596, 604]
[597, 601]
[597, 604]
[598, 604]
[601, 604]
[602, 604]
[609, 611]
[609, 612]
[609, 616]
[609, 620]
[609, 624]
[609, 628]
[609, 632]
[609, 636]
[610, 612]
[610, 616]
[610, 620]
[610, 624]
[610, 628]
[610, 632]
[610, 636]
[611, 612]
[611, 616]
[611, 620]
[611, 624]
[611, 628]
[611, 632]
[611, 636]
[612, 614]
[612, 615]
[612, 616]
[612, 620]
[612, 624]
[612, 628]
[612, 632]
[612, 636]
[613, 616]
[613, 620]
[613, 624]
[613, 628]
[613, 632]
[613, 636]
[614, 616]
[614, 620]
[614, 624]
[614, 628]
[614, 632]
[614, 636]
[615, 616]
[615, 620]
[615, 624]
[615, 628]
[615, 632]
[615, 636]
[616, 618]
[616, 619]
[616, 620]
[616, 624]
[616, 628]
[616, 632]
[616, 636]
[617, 620]
[617, 624]
[617, 628]
[617, 632]
[617, 636]
[618, 620]
[618, 624]
[618, 628]
[618, 632]
[618, 636]
[619, 620]
[619, 624]
[619, 628]
[619, 632]
[619, 636]
[620, 622]
[620, 623]
[620, 624]
[620, 628]
[620, 632]
[620, 636]
[621, 624]
[621, 628]
[621, 632]
[621, 636]
[622, 624]
[622, 628]
[622, 632]
[622, 636]
[623, 624]
[623, 628]
[623, 632]
[623, 636]
[624, 626]
[624, 627]
[624, 628]
[624, 632]
[624, 636]
[625, 628]
[625, 632]
[625, 636]
[626, 628]
[626, 632]
[626, 636]
[627, 628]
[627, 632]
[627, 636]
[628, 630]
[628, 631]
[628, 632]
[628, 636]
[629, 632]
[629, 636]
[630, 632]
[630, 636]
[631, 632]
[631, 636]
[632, 634]
[632, 635]
[632, 636]
[633, 636]
[634, 636]
[635, 636]
[636, 638]
[645, 676]
[656, 672]
[658, 662]
[658, 665]
[658, 667]
[658, 668]
[662, 672]
[663, 672]
[664, 672]
[666, 672]
[668, 672]
[678, 835]
[680, 690]
[684, 689]
[685, 689]
[686, 689]
[693, 706]
[693, 707]
[693, 708]
[696, 702]
[696, 703]
[696, 704]
[697, 702]
[697, 703]
[697, 704]
[698, 702]
[698, 703]
[698, 704]
[699, 702]
[699, 703]
[699, 704]
[711, 725]
[711, 726]
[711, 727]
[711, 729]
[714, 720]
[714, 721]
[714, 722]
[715, 720]
[715, 721]
[715, 722]
[715, 724]
[716, 720]
[716, 721]
[716, 722]
[716, 724]
[717, 720]
[717, 721]
[717, 722]
[717, 724]
[732, 742]
[735, 736]
[735, 737]
[735, 738]
[735, 741]
[736, 741]
[737, 741]
[738, 741]
[755, 762]
[778, 779]
[778, 781]
[778, 783]
[786, 788]
[786, 790]
[786, 792]
[787, 788]
[787, 790]
[787, 792]
[797, 809]
[798, 809]
[799, 809]
[814, 815]
[814, 816]
[814, 817]
[814, 818]
[814, 819]
[814, 820]
[814, 821]
[814, 822]
[815, 819]
[815, 820]
[815, 821]
[815, 822]
[816, 819]
[816, 820]
[816, 821]
[816, 822]
[817, 819]
[817, 820]
[817, 821]
[817, 822]
[818, 819]
[818, 820]
[818, 821]
[818, 822]
