[17, 20]
[17, 21]
[17, 22]
[17, 23]
[17, 24]
[27, 32]
[29, 32]
[31, 32]
[35, 99]
[35, 100]
[35, 101]
[35, 104]
[35, 110]
[35, 111]
[36, 37]
[41, 49]
[41, 81]
[41, 83]
[41, 84]
[41, 88]
[41, 90]
[43, 49]
[43, 83]
[43, 84]
[43, 88]
[43, 90]
[45, 47]
[45, 49]
[45, 50]
[45, 82]
[45, 83]
[45, 84]
[45, 88]
[45, 90]
[47, 81]
[47, 82]
[47, 83]
[47, 84]
[47, 88]
[58, 71]
[58, 72]
[58, 73]
[58, 74]
[58, 75]
[58, 77]
[58, 79]
[59, 71]
[59, 72]
[59, 73]
[59, 74]
[59, 75]
[59, 77]
[59, 79]
[62, 71]
[62, 72]
[62, 73]
[62, 74]
[62, 75]
[62, 77]
[62, 79]
[63, 71]
[63, 72]
[63, 73]
[63, 74]
[63, 75]
[63, 77]
[63, 79]
[64, 71]
[64, 72]
[64, 73]
[64, 74]
[64, 75]
[64, 77]
[64, 79]
[65, 71]
[65, 72]
[65, 73]
[65, 74]
[65, 75]
[65, 77]
[65, 79]
[66, 71]
[66, 72]
[66, 73]
[66, 74]
[66, 75]
[66, 77]
[66, 79]
[67, 71]
[67, 72]
[67, 73]
[67, 74]
[67, 75]
[67, 77]
[67, 79]
[68, 71]
[68, 72]
[68, 73]
[68, 74]
[68, 75]
[68, 77]
[68, 79]
[69, 71]
[69, 72]
[69, 73]
[69, 74]
[69, 75]
[69, 77]
[69, 79]
[70, 71]
[70, 72]
[70, 73]
[70, 74]
[70, 75]
[70, 77]
[70, 79]
[99, 104]
[100, 104]
[101, 104]
[103, 105]
[103, 106]
[103, 107]
[103, 109]
[103, 112]
[103, 113]
[103, 114]
[103, 115]
[105, 113]
[105, 114]
[107, 113]
[107, 114]
[109, 112]
[109, 113]
[109, 114]
[109, 115]
[116, 657]
[116, 684]
[116, 685]
[116, 924]
[119, 122]
[119, 124]
[119, 126]
[119, 343]
[120, 122]
[120, 124]
[120, 126]
[120, 343]
[122, 343]
[124, 343]
[125, 343]
[126, 343]
[127, 343]
[128, 130]
[128, 132]
[128, 134]
[128, 344]
[130, 344]
[132, 344]
[133, 344]
[134, 344]
[135, 344]
[142, 618]
[166, 194]
[166, 195]
[166, 196]
[166, 199]
[166, 200]
[166, 202]
[166, 208]
[166, 209]
[166, 211]
[166, 217]
[166, 218]
[166, 220]
[166, 226]
[166, 227]
[166, 232]
[166, 235]
[166, 236]
[166, 239]
[166, 244]
[166, 245]
[166, 253]
[166, 254]
[166, 262]
[166, 263]
[166, 271]
[166, 272]
[166, 280]
[166, 281]
[166, 289]
[166, 290]
[166, 298]
[166, 299]
[166, 307]
[166, 308]
[166, 313]
[166, 316]
[166, 317]
[166, 319]
[166, 325]
[166, 326]
[166, 328]
[185, 203]
[185, 204]
[185, 212]
[185, 213]
[185, 221]
[185, 222]
[185, 320]
[185, 321]
[185, 329]
[185, 330]
[186, 203]
[186, 204]
[186, 212]
[186, 213]
[186, 221]
[186, 222]
[186, 320]
[186, 321]
[186, 329]
[186, 330]
[203, 212]
[203, 213]
[203, 221]
[203, 222]
[203, 320]
[203, 321]
[203, 329]
[203, 330]
[204, 212]
[204, 213]
[204, 221]
[204, 222]
[204, 320]
[204, 321]
[204, 329]
[204, 330]
[212, 221]
[212, 222]
[212, 320]
[212, 321]
[212, 329]
[212, 330]
[213, 221]
[213, 222]
[213, 320]
[213, 321]
[213, 329]
[213, 330]
[221, 320]
[221, 321]
[221, 329]
[221, 330]
[222, 320]
[222, 321]
[222, 329]
[222, 330]
[320, 329]
[320, 330]
[321, 329]
[321, 330]
[332, 347]
[341, 802]
[341, 803]
[341, 804]
[341, 805]
[341, 806]
[341, 807]
[341, 808]
[341, 810]
[342, 802]
[342, 803]
[342, 804]
[342, 805]
[342, 806]
[342, 807]
[342, 808]
[342, 810]
[346, 502]
[346, 503]
[346, 504]
[346, 506]
[346, 507]
[346, 509]
[346, 510]
[346, 511]
[346, 512]
[346, 513]
[346, 514]
[346, 515]
[346, 516]
[346, 517]
[346, 519]
[346, 520]
[346, 521]
[346, 522]
[346, 523]
[346, 525]
[346, 526]
[346, 528]
[346, 529]
[346, 530]
[346, 802]
[346, 803]
[346, 804]
[346, 805]
[346, 806]
[346, 807]
[346, 808]
[346, 810]
[352, 358]
[352, 360]
[352, 362]
[352, 794]
[353, 358]
[353, 360]
[353, 362]
[353, 794]
[354, 358]
[354, 360]
[354, 362]
[354, 794]
[357, 360]
[361, 794]
[367, 368]
[367, 370]
[367, 371]
[367, 373]
[367, 374]
[367, 378]
[367, 379]
[367, 380]
[367, 381]
[367, 382]
[367, 383]
[367, 384]
[370, 373]
[386, 387]
[386, 389]
[386, 391]
[386, 393]
[386, 395]
[386, 396]
[386, 398]
[387, 398]
[389, 398]
[390, 393]
[390, 395]
[390, 396]
[390, 398]
[390, 399]
[391, 398]
[392, 398]
[395, 398]
[438, 454]
[438, 458]
[438, 461]
[438, 462]
[438, 463]
[438, 465]
[440, 454]
[440, 458]
[440, 461]
[440, 462]
[440, 463]
[440, 465]
[441, 454]
[441, 458]
[441, 461]
[441, 462]
[441, 463]
[441, 465]
[452, 455]
[452, 457]
[452, 459]
[453, 455]
[453, 457]
[453, 459]
[458, 461]
[458, 462]
[458, 463]
[458, 465]
[464, 472]
[469, 472]
[470, 472]
[491, 492]
[491, 494]
[491, 496]
[495, 498]
[495, 499]
[502, 802]
[502, 803]
[502, 804]
[502, 805]
[502, 806]
[502, 807]
[502, 808]
[502, 810]
[503, 504]
[503, 506]
[503, 507]
[503, 509]
[503, 510]
[503, 511]
[503, 512]
[503, 513]
[503, 514]
[503, 517]
[503, 519]
[503, 521]
[503, 530]
[503, 802]
[503, 803]
[503, 804]
[503, 805]
[503, 806]
[503, 807]
[503, 808]
[503, 809]
[503, 810]
[504, 509]
[504, 510]
[504, 511]
[504, 517]
[504, 519]
[504, 520]
[504, 521]
[504, 802]
[504, 803]
[504, 804]
[504, 805]
[504, 806]
[504, 807]
[504, 808]
[504, 810]
[506, 509]
[506, 510]
[506, 511]
[506, 517]
[506, 519]
[506, 520]
[506, 521]
[506, 802]
[506, 803]
[506, 804]
[506, 805]
[506, 806]
[506, 807]
[506, 808]
[506, 810]
[507, 509]
[507, 510]
[507, 511]
[507, 517]
[507, 519]
[507, 520]
[507, 521]
[507, 802]
[507, 803]
[507, 804]
[507, 805]
[507, 806]
[507, 807]
[507, 808]
[507, 810]
[509, 516]
[509, 517]
[509, 519]
[509, 520]
[509, 521]
[509, 802]
[509, 803]
[509, 804]
[509, 805]
[509, 806]
[509, 807]
[509, 808]
[509, 810]
[510, 516]
[510, 517]
[510, 519]
[510, 520]
[510, 521]
[510, 802]
[510, 803]
[510, 804]
[510, 805]
[510, 806]
[510, 807]
[510, 808]
[510, 810]
[511, 516]
[511, 517]
[511, 519]
[511, 520]
[511, 521]
[511, 802]
[511, 803]
[511, 804]
[511, 805]
[511, 806]
[511, 807]
[511, 808]
[511, 810]
[512, 517]
[512, 519]
[512, 520]
[512, 521]
[512, 802]
[512, 803]
[512, 804]
[512, 805]
[512, 806]
[512, 807]
[512, 808]
[512, 810]
[513, 517]
[513, 519]
[513, 520]
[513, 521]
[513, 802]
[513, 803]
[513, 804]
[513, 805]
[513, 806]
[513, 807]
[513, 808]
[513, 810]
[514, 517]
[514, 519]
[514, 520]
[514, 521]
[514, 802]
[514, 803]
[514, 804]
[514, 805]
[514, 806]
[514, 807]
[514, 808]
[514, 810]
[515, 517]
[515, 519]
[515, 521]
[515, 802]
[515, 803]
[515, 804]
[515, 805]
[515, 806]
[515, 807]
[515, 808]
[515, 810]
[516, 517]
[516, 519]
[516, 521]
[516, 528]
[516, 802]
[516, 803]
[516, 804]
[516, 805]
[516, 806]
[516, 807]
[516, 808]
[516, 810]
[517, 528]
[517, 802]
[517, 803]
[517, 804]
[517, 805]
[517, 806]
[517, 807]
[517, 808]
[517, 810]
[519, 528]
[519, 802]
[519, 803]
[519, 804]
[519, 805]
[519, 806]
[519, 807]
[519, 808]
[519, 810]
[520, 523]
[520, 525]
[520, 526]
[520, 528]
[520, 529]
[520, 530]
[520, 802]
[520, 803]
[520, 804]
[520, 805]
[520, 806]
[520, 807]
[520, 808]
[520, 809]
[520, 810]
[521, 528]
[521, 802]
[521, 803]
[521, 804]
[521, 805]
[521, 806]
[521, 807]
[521, 808]
[521, 810]
[522, 528]
[522, 802]
[522, 803]
[522, 804]
[522, 805]
[522, 806]
[522, 807]
[522, 808]
[522, 810]
[523, 528]
[523, 802]
[523, 803]
[523, 804]
[523, 805]
[523, 806]
[523, 807]
[523, 808]
[523, 810]
[525, 528]
[525, 802]
[525, 803]
[525, 804]
[525, 805]
[525, 806]
[525, 807]
[525, 808]
[525, 810]
[526, 528]
[526, 802]
[526, 803]
[526, 804]
[526, 805]
[526, 806]
[526, 807]
[526, 808]
[526, 810]
[528, 802]
[528, 803]
[528, 804]
[528, 805]
[528, 806]
[528, 807]
[528, 808]
[528, 810]
[529, 802]
[529, 803]
[529, 804]
[529, 805]
[529, 806]
[529, 807]
[529, 808]
[529, 810]
[530, 802]
[530, 803]
[530, 804]
[530, 805]
[530, 806]
[530, 807]
[530, 808]
[530, 810]
[564, 565]
[564, 567]
[564, 569]
[614, 616]
[614, 618]
[614, 620]
[614, 622]
[616, 618]
[616, 622]
[620, 622]
[633, 634]
[633, 636]
[641, 646]
[641, 648]
[641, 650]
[642, 646]
[642, 648]
[642, 650]
[643, 646]
[643, 648]
[643, 650]
[644, 646]
[644, 648]
[644, 650]
[645, 646]
[645, 648]
[645, 650]
[654, 657]
[657, 684]
[657, 685]
[657, 924]
[676, 734]
[677, 734]
[683, 732]
[683, 733]
[683, 735]
[684, 924]
[685, 924]
[719, 722]
[720, 722]
[732, 735]
[733, 735]
[747, 748]
[747, 752]
[747, 753]
[748, 752]
[748, 753]
[749, 752]
[749, 753]
[780, 782]
[780, 784]
[780, 786]
[781, 782]
[781, 784]
[781, 786]
[802, 803]
[802, 806]
[802, 807]
[819, 823]
[819, 840]
[819, 841]
[819, 916]
[823, 840]
[823, 841]
[823, 920]
[831, 885]
[831, 886]
[831, 887]
[831, 889]
[832, 908]
[833, 908]
[834, 843]
[834, 857]
[834, 858]
[840, 920]
[841, 920]
[845, 850]
[848, 849]
[859, 875]
[859, 876]
[859, 877]
[859, 878]
[859, 879]
[859, 880]
[859, 882]
[859, 883]
[859, 885]
[859, 886]
[859, 887]
[859, 888]
[859, 889]
[859, 890]
[859, 891]
[859, 893]
[859, 895]
[859, 896]
[859, 897]
[860, 875]
[860, 876]
[860, 877]
[860, 878]
[860, 879]
[860, 880]
[860, 882]
[860, 883]
[860, 885]
[860, 886]
[860, 887]
[860, 888]
[860, 889]
[860, 890]
[860, 891]
[860, 893]
[860, 895]
[860, 896]
[860, 897]
[867, 872]
[869, 872]
[871, 872]
[875, 880]
[875, 882]
[875, 883]
[875, 888]
[875, 896]
[876, 880]
[876, 882]
[876, 883]
[876, 888]
[876, 896]
[877, 880]
[877, 882]
[877, 883]
[877, 888]
[877, 896]
[878, 880]
[878, 882]
[878, 883]
[878, 888]
[879, 880]
[879, 882]
[879, 883]
[879, 888]
[879, 896]
[880, 885]
[880, 886]
[880, 887]
[880, 888]
[880, 896]
[882, 885]
[882, 886]
[882, 887]
[882, 888]
[882, 896]
[883, 885]
[883, 886]
[883, 887]
[883, 888]
[883, 896]
[885, 908]
[886, 908]
[887, 908]
[888, 896]
[889, 908]
[890, 896]
[893, 896]
