[15, 20]
[15, 21]
[15, 22]
[15, 23]
[15, 24]
[15, 25]
[16, 20]
[16, 21]
[16, 22]
[16, 23]
[16, 24]
[16, 25]
[17, 25]
[18, 20]
[18, 21]
[18, 22]
[18, 23]
[18, 24]
[18, 25]
[19, 20]
[19, 21]
[19, 22]
[19, 23]
[19, 24]
[19, 25]
[20, 25]
[21, 25]
[22, 25]
[23, 25]
[24, 25]
[35, 37]
[40, 678]
[40, 717]
[40, 718]
[48, 58]
[48, 59]
[48, 62]
[48, 63]
[48, 64]
[48, 65]
[48, 66]
[48, 67]
[48, 68]
[48, 69]
[48, 70]
[48, 71]
[48, 72]
[48, 73]
[48, 74]
[48, 75]
[48, 77]
[48, 79]
[48, 80]
[58, 59]
[58, 62]
[58, 63]
[58, 64]
[58, 65]
[58, 66]
[58, 67]
[58, 68]
[58, 69]
[59, 68]
[62, 68]
[63, 64]
[63, 65]
[63, 66]
[63, 67]
[63, 68]
[64, 68]
[65, 68]
[66, 68]
[67, 68]
[71, 75]
[72, 75]
[72, 77]
[73, 75]
[73, 77]
[74, 75]
[78, 85]
[78, 86]
[78, 87]
[78, 89]
[81, 88]
[82, 85]
[82, 88]
[83, 85]
[83, 88]
[84, 85]
[84, 88]
[96, 97]
[98, 103]
[98, 109]
[98, 113]
[98, 114]
[99, 105]
[99, 106]
[99, 107]
[99, 110]
[99, 113]
[99, 114]
[99, 115]
[100, 105]
[100, 106]
[100, 107]
[100, 110]
[100, 113]
[100, 114]
[100, 115]
[101, 105]
[101, 106]
[101, 107]
[101, 110]
[101, 113]
[101, 114]
[101, 115]
[104, 105]
[104, 106]
[104, 107]
[104, 110]
[104, 113]
[104, 114]
[105, 110]
[106, 110]
[106, 113]
[106, 114]
[107, 110]
[110, 113]
[110, 114]
[111, 113]
[111, 114]
[116, 654]
[119, 120]
[119, 125]
[120, 125]
[128, 133]
[147, 148]
[147, 149]
[147, 150]
[147, 151]
[147, 158]
[147, 160]
[147, 166]
[147, 176]
[147, 177]
[147, 178]
[147, 181]
[147, 182]
[147, 184]
[147, 187]
[147, 190]
[147, 191]
[147, 194]
[147, 195]
[147, 196]
[147, 199]
[147, 200]
[147, 202]
[147, 205]
[147, 208]
[147, 209]
[147, 211]
[147, 214]
[147, 217]
[147, 218]
[147, 220]
[147, 223]
[147, 226]
[147, 227]
[147, 232]
[147, 235]
[147, 236]
[147, 239]
[147, 241]
[147, 244]
[147, 245]
[147, 248]
[147, 250]
[147, 253]
[147, 254]
[147, 257]
[147, 259]
[147, 262]
[147, 263]
[147, 266]
[147, 268]
[147, 271]
[147, 272]
[147, 275]
[147, 277]
[147, 280]
[147, 281]
[147, 284]
[147, 286]
[147, 289]
[147, 290]
[147, 293]
[147, 295]
[147, 298]
[147, 299]
[147, 302]
[147, 304]
[147, 307]
[147, 308]
[147, 311]
[147, 312]
[147, 313]
[147, 316]
[147, 317]
[147, 319]
[147, 322]
[147, 325]
[147, 326]
[147, 328]
[147, 331]
[148, 149]
[148, 150]
[148, 151]
[148, 158]
[148, 160]
[148, 166]
[148, 176]
[148, 177]
[148, 178]
[148, 181]
[148, 182]
[148, 184]
[148, 187]
[148, 190]
[148, 191]
[148, 194]
[148, 195]
[148, 196]
[148, 199]
[148, 200]
[148, 202]
[148, 205]
[148, 208]
[148, 209]
[148, 211]
[148, 214]
[148, 217]
[148, 218]
[148, 220]
[148, 223]
[148, 226]
[148, 227]
[148, 232]
[148, 235]
[148, 236]
[148, 239]
[148, 241]
[148, 244]
[148, 245]
[148, 248]
[148, 250]
[148, 253]
[148, 254]
[148, 257]
[148, 259]
[148, 262]
[148, 263]
[148, 266]
[148, 268]
[148, 271]
[148, 272]
[148, 275]
[148, 277]
[148, 280]
[148, 281]
[148, 284]
[148, 286]
[148, 289]
[148, 290]
[148, 293]
[148, 295]
[148, 298]
[148, 299]
[148, 302]
[148, 304]
[148, 307]
[148, 308]
[148, 311]
[148, 312]
[148, 313]
[148, 316]
[148, 317]
[148, 319]
[148, 322]
[148, 325]
[148, 326]
[148, 328]
[148, 331]
[149, 150]
[149, 151]
[149, 158]
[149, 160]
[149, 166]
[149, 176]
[149, 177]
[149, 178]
[149, 181]
[149, 182]
[149, 184]
[149, 187]
[149, 190]
[149, 191]
[149, 194]
[149, 195]
[149, 196]
[149, 199]
[149, 200]
[149, 202]
[149, 205]
[149, 208]
[149, 209]
[149, 211]
[149, 214]
[149, 217]
[149, 218]
[149, 220]
[149, 223]
[149, 226]
[149, 227]
[149, 232]
[149, 235]
[149, 236]
[149, 239]
[149, 241]
[149, 244]
[149, 245]
[149, 248]
[149, 250]
[149, 253]
[149, 254]
[149, 257]
[149, 259]
[149, 262]
[149, 263]
[149, 266]
[149, 268]
[149, 271]
[149, 272]
[149, 275]
[149, 277]
[149, 280]
[149, 281]
[149, 284]
[149, 286]
[149, 289]
[149, 290]
[149, 293]
[149, 295]
[149, 298]
[149, 299]
[149, 302]
[149, 304]
[149, 307]
[149, 308]
[149, 311]
[149, 312]
[149, 313]
[149, 316]
[149, 317]
[149, 319]
[149, 322]
[149, 325]
[149, 326]
[149, 328]
[149, 331]
[150, 151]
[150, 158]
[150, 160]
[150, 166]
[150, 176]
[150, 177]
[150, 178]
[150, 181]
[150, 182]
[150, 184]
[150, 187]
[150, 190]
[150, 191]
[150, 194]
[150, 195]
[150, 196]
[150, 199]
[150, 200]
[150, 202]
[150, 205]
[150, 208]
[150, 209]
[150, 211]
[150, 214]
[150, 217]
[150, 218]
[150, 220]
[150, 223]
[150, 226]
[150, 227]
[150, 232]
[150, 235]
[150, 236]
[150, 239]
[150, 241]
[150, 244]
[150, 245]
[150, 248]
[150, 250]
[150, 253]
[150, 254]
[150, 257]
[150, 259]
[150, 262]
[150, 263]
[150, 266]
[150, 268]
[150, 271]
[150, 272]
[150, 275]
[150, 277]
[150, 280]
[150, 281]
[150, 284]
[150, 286]
[150, 289]
[150, 290]
[150, 293]
[150, 295]
[150, 298]
[150, 299]
[150, 302]
[150, 304]
[150, 307]
[150, 308]
[150, 311]
[150, 312]
[150, 313]
[150, 316]
[150, 317]
[150, 319]
[150, 322]
[150, 325]
[150, 326]
[150, 328]
[150, 331]
[151, 158]
[151, 160]
[151, 166]
[151, 176]
[151, 177]
[151, 178]
[151, 181]
[151, 182]
[151, 184]
[151, 187]
[151, 190]
[151, 191]
[151, 194]
[151, 195]
[151, 196]
[151, 199]
[151, 200]
[151, 202]
[151, 205]
[151, 208]
[151, 209]
[151, 211]
[151, 214]
[151, 217]
[151, 218]
[151, 220]
[151, 223]
[151, 226]
[151, 227]
[151, 232]
[151, 235]
[151, 236]
[151, 239]
[151, 241]
[151, 244]
[151, 245]
[151, 248]
[151, 250]
[151, 253]
[151, 254]
[151, 257]
[151, 259]
[151, 262]
[151, 263]
[151, 266]
[151, 268]
[151, 271]
[151, 272]
[151, 275]
[151, 277]
[151, 280]
[151, 281]
[151, 284]
[151, 286]
[151, 289]
[151, 290]
[151, 293]
[151, 295]
[151, 298]
[151, 299]
[151, 302]
[151, 304]
[151, 307]
[151, 308]
[151, 311]
[151, 312]
[151, 313]
[151, 316]
[151, 317]
[151, 319]
[151, 322]
[151, 325]
[151, 326]
[151, 328]
[151, 331]
[158, 160]
[158, 166]
[158, 176]
[158, 177]
[158, 178]
[158, 181]
[158, 182]
[158, 184]
[158, 187]
[158, 190]
[158, 191]
[158, 194]
[158, 195]
[158, 196]
[158, 199]
[158, 200]
[158, 202]
[158, 205]
[158, 208]
[158, 209]
[158, 211]
[158, 214]
[158, 217]
[158, 218]
[158, 220]
[158, 223]
[158, 226]
[158, 227]
[158, 232]
[158, 235]
[158, 236]
[158, 239]
[158, 241]
[158, 244]
[158, 245]
[158, 248]
[158, 250]
[158, 253]
[158, 254]
[158, 257]
[158, 259]
[158, 262]
[158, 263]
[158, 266]
[158, 268]
[158, 271]
[158, 272]
[158, 275]
[158, 277]
[158, 280]
[158, 281]
[158, 284]
[158, 286]
[158, 289]
[158, 290]
[158, 293]
[158, 295]
[158, 298]
[158, 299]
[158, 302]
[158, 304]
[158, 307]
[158, 308]
[158, 311]
[158, 312]
[158, 313]
[158, 316]
[158, 317]
[158, 319]
[158, 322]
[158, 325]
[158, 326]
[158, 328]
[158, 331]
[160, 166]
[160, 176]
[160, 177]
[160, 178]
[160, 181]
[160, 182]
[160, 184]
[160, 187]
[160, 190]
[160, 191]
[160, 194]
[160, 195]
[160, 196]
[160, 199]
[160, 200]
[160, 202]
[160, 205]
[160, 208]
[160, 209]
[160, 211]
[160, 214]
[160, 217]
[160, 218]
[160, 220]
[160, 223]
[160, 226]
[160, 227]
[160, 232]
[160, 235]
[160, 236]
[160, 239]
[160, 241]
[160, 244]
[160, 245]
[160, 248]
[160, 250]
[160, 253]
[160, 254]
[160, 257]
[160, 259]
[160, 262]
[160, 263]
[160, 266]
[160, 268]
[160, 271]
[160, 272]
[160, 275]
[160, 277]
[160, 280]
[160, 281]
[160, 284]
[160, 286]
[160, 289]
[160, 290]
[160, 293]
[160, 295]
[160, 298]
[160, 299]
[160, 302]
[160, 304]
[160, 307]
[160, 308]
[160, 311]
[160, 312]
[160, 313]
[160, 316]
[160, 317]
[160, 319]
[160, 322]
[160, 325]
[160, 326]
[160, 328]
[160, 331]
[166, 176]
[166, 177]
[166, 178]
[166, 181]
[166, 182]
[166, 184]
[166, 187]
[166, 190]
[166, 191]
[166, 205]
[166, 214]
[166, 223]
[166, 241]
[166, 248]
[166, 250]
[166, 257]
[166, 259]
[166, 266]
[166, 268]
[166, 275]
[166, 277]
[166, 284]
[166, 286]
[166, 293]
[166, 295]
[166, 302]
[166, 304]
[166, 311]
[166, 312]
[166, 322]
[166, 331]
[176, 184]
[176, 187]
[176, 194]
[176, 195]
[176, 196]
[176, 199]
[176, 200]
[176, 202]
[176, 205]
[176, 208]
[176, 209]
[176, 211]
[176, 214]
[176, 217]
[176, 218]
[176, 220]
[176, 223]
[176, 226]
[176, 227]
[176, 232]
[176, 235]
[176, 236]
[176, 239]
[176, 241]
[176, 244]
[176, 245]
[176, 248]
[176, 250]
[176, 253]
[176, 254]
[176, 257]
[176, 259]
[176, 262]
[176, 263]
[176, 266]
[176, 268]
[176, 271]
[176, 272]
[176, 275]
[176, 277]
[176, 280]
[176, 281]
[176, 284]
[176, 286]
[176, 289]
[176, 290]
[176, 293]
[176, 295]
[176, 298]
[176, 299]
[176, 302]
[176, 304]
[176, 307]
[176, 308]
[176, 311]
[176, 312]
[176, 313]
[176, 316]
[176, 317]
[176, 319]
[176, 322]
[176, 325]
[176, 326]
[176, 328]
[176, 331]
[177, 181]
[177, 182]
[177, 184]
[177, 187]
[177, 190]
[177, 191]
[177, 194]
[177, 195]
[177, 196]
[177, 199]
[177, 200]
[177, 202]
[177, 205]
[177, 208]
[177, 209]
[177, 211]
[177, 214]
[177, 217]
[177, 218]
[177, 220]
[177, 223]
[177, 226]
[177, 227]
[177, 232]
[177, 235]
[177, 236]
[177, 239]
[177, 241]
[177, 244]
[177, 245]
[177, 248]
[177, 250]
[177, 253]
[177, 254]
[177, 257]
[177, 259]
[177, 262]
[177, 263]
[177, 266]
[177, 268]
[177, 271]
[177, 272]
[177, 275]
[177, 277]
[177, 280]
[177, 281]
[177, 284]
[177, 286]
[177, 289]
[177, 290]
[177, 293]
[177, 295]
[177, 298]
[177, 299]
[177, 302]
[177, 304]
[177, 307]
[177, 308]
[177, 311]
[177, 312]
[177, 313]
[177, 316]
[177, 317]
[177, 319]
[177, 322]
[177, 325]
[177, 326]
[177, 328]
[177, 331]
[178, 181]
[178, 182]
[178, 184]
[178, 187]
[178, 190]
[178, 191]
[178, 194]
[178, 195]
[178, 196]
[178, 199]
[178, 200]
[178, 202]
[178, 205]
[178, 208]
[178, 209]
[178, 211]
[178, 214]
[178, 217]
[178, 218]
[178, 220]
[178, 223]
[178, 226]
[178, 227]
[178, 232]
[178, 235]
[178, 236]
[178, 239]
[178, 241]
[178, 244]
[178, 245]
[178, 248]
[178, 250]
[178, 253]
[178, 254]
[178, 257]
[178, 259]
[178, 262]
[178, 263]
[178, 266]
[178, 268]
[178, 271]
[178, 272]
[178, 275]
[178, 277]
[178, 280]
[178, 281]
[178, 284]
[178, 286]
[178, 289]
[178, 290]
[178, 293]
[178, 295]
[178, 298]
[178, 299]
[178, 302]
[178, 304]
[178, 307]
[178, 308]
[178, 311]
[178, 312]
[178, 313]
[178, 316]
[178, 317]
[178, 319]
[178, 322]
[178, 325]
[178, 326]
[178, 328]
[178, 331]
[181, 184]
[181, 194]
[181, 195]
[181, 196]
[181, 199]
[181, 200]
[181, 202]
[181, 205]
[181, 208]
[181, 209]
[181, 211]
[181, 214]
[181, 217]
[181, 218]
[181, 220]
[181, 223]
[181, 226]
[181, 227]
[181, 232]
[181, 235]
[181, 236]
[181, 239]
[181, 241]
[181, 244]
[181, 245]
[181, 248]
[181, 250]
[181, 253]
[181, 254]
[181, 257]
[181, 259]
[181, 262]
[181, 263]
[181, 266]
[181, 268]
[181, 271]
[181, 272]
[181, 275]
[181, 277]
[181, 280]
[181, 281]
[181, 284]
[181, 286]
[181, 289]
[181, 290]
[181, 293]
[181, 295]
[181, 298]
[181, 299]
[181, 302]
[181, 304]
[181, 307]
[181, 308]
[181, 311]
[181, 312]
[181, 313]
[181, 316]
[181, 317]
[181, 319]
[181, 322]
[181, 325]
[181, 326]
[181, 328]
[181, 331]
[182, 184]
[182, 190]
[182, 191]
[182, 194]
[182, 195]
[182, 196]
[182, 199]
[182, 200]
[182, 202]
[182, 205]
[182, 208]
[182, 209]
[182, 211]
[182, 214]
[182, 217]
[182, 218]
[182, 220]
[182, 223]
[182, 226]
[182, 227]
[182, 232]
[182, 235]
[182, 236]
[182, 239]
[182, 241]
[182, 244]
[182, 245]
[182, 248]
[182, 250]
[182, 253]
[182, 254]
[182, 257]
[182, 259]
[182, 262]
[182, 263]
[182, 266]
[182, 268]
[182, 271]
[182, 272]
[182, 275]
[182, 277]
[182, 280]
[182, 281]
[182, 284]
[182, 286]
[182, 289]
[182, 290]
[182, 293]
[182, 295]
[182, 298]
[182, 299]
[182, 302]
[182, 304]
[182, 307]
[182, 308]
[182, 311]
[182, 312]
[182, 313]
[182, 316]
[182, 317]
[182, 319]
[182, 322]
[182, 325]
[182, 326]
[182, 328]
[182, 331]
[184, 194]
[184, 195]
[184, 196]
[184, 199]
[184, 200]
[184, 202]
[184, 205]
[184, 208]
[184, 209]
[184, 211]
[184, 214]
[184, 217]
[184, 218]
[184, 220]
[184, 223]
[184, 226]
[184, 227]
[184, 232]
[184, 235]
[184, 236]
[184, 239]
[184, 241]
[184, 244]
[184, 245]
[184, 248]
[184, 250]
[184, 253]
[184, 254]
[184, 257]
[184, 259]
[184, 262]
[184, 263]
[184, 266]
[184, 268]
[184, 271]
[184, 272]
[184, 275]
[184, 277]
[184, 280]
[184, 281]
[184, 284]
[184, 286]
[184, 289]
[184, 290]
[184, 293]
[184, 295]
[184, 298]
[184, 299]
[184, 302]
[184, 304]
[184, 307]
[184, 308]
[184, 311]
[184, 312]
[184, 313]
[184, 316]
[184, 317]
[184, 319]
[184, 322]
[184, 325]
[184, 326]
[184, 328]
[184, 331]
[187, 190]
[187, 191]
[187, 194]
[187, 195]
[187, 196]
[187, 199]
[187, 200]
[187, 202]
[187, 205]
[187, 208]
[187, 209]
[187, 211]
[187, 214]
[187, 217]
[187, 218]
[187, 220]
[187, 223]
[187, 226]
[187, 227]
[187, 232]
[187, 235]
[187, 236]
[187, 239]
[187, 241]
[187, 244]
[187, 245]
[187, 248]
[187, 250]
[187, 253]
[187, 254]
[187, 257]
[187, 259]
[187, 262]
[187, 263]
[187, 266]
[187, 268]
[187, 271]
[187, 272]
[187, 275]
[187, 277]
[187, 280]
[187, 281]
[187, 284]
[187, 286]
[187, 289]
[187, 290]
[187, 293]
[187, 295]
[187, 298]
[187, 299]
[187, 302]
[187, 304]
[187, 307]
[187, 308]
[187, 311]
[187, 312]
[187, 313]
[187, 316]
[187, 317]
[187, 319]
[187, 322]
[187, 325]
[187, 326]
[187, 328]
[187, 331]
[190, 194]
[190, 195]
[190, 199]
[190, 200]
[190, 202]
[190, 205]
[190, 208]
[190, 209]
[190, 211]
[190, 214]
[190, 217]
[190, 218]
[190, 220]
[190, 223]
[190, 226]
[190, 227]
[190, 232]
[190, 235]
[190, 236]
[190, 239]
[190, 241]
[190, 244]
[190, 245]
[190, 248]
[190, 250]
[190, 253]
[190, 254]
[190, 257]
[190, 259]
[190, 262]
[190, 263]
[190, 266]
[190, 268]
[190, 271]
[190, 272]
[190, 275]
[190, 277]
[190, 280]
[190, 281]
[190, 284]
[190, 286]
[190, 289]
[190, 290]
[190, 293]
[190, 295]
[190, 298]
[190, 299]
[190, 302]
[190, 304]
[190, 307]
[190, 308]
[190, 311]
[190, 312]
[190, 313]
[190, 316]
[190, 317]
[190, 319]
[190, 322]
[190, 325]
[190, 326]
[190, 328]
[190, 331]
[191, 194]
[191, 195]
[191, 199]
[191, 200]
[191, 202]
[191, 205]
[191, 208]
[191, 209]
[191, 211]
[191, 214]
[191, 217]
[191, 218]
[191, 220]
[191, 223]
[191, 226]
[191, 227]
[191, 232]
[191, 235]
[191, 236]
[191, 239]
[191, 241]
[191, 244]
[191, 245]
[191, 248]
[191, 250]
[191, 253]
[191, 254]
[191, 257]
[191, 259]
[191, 262]
[191, 263]
[191, 266]
[191, 268]
[191, 271]
[191, 272]
[191, 275]
[191, 277]
[191, 280]
[191, 281]
[191, 284]
[191, 286]
[191, 289]
[191, 290]
[191, 293]
[191, 295]
[191, 298]
[191, 299]
[191, 302]
[191, 304]
[191, 307]
[191, 308]
[191, 311]
[191, 312]
[191, 313]
[191, 316]
[191, 317]
[191, 319]
[191, 322]
[191, 325]
[191, 326]
[191, 328]
[191, 331]
[194, 199]
[194, 200]
[194, 202]
[194, 205]
[194, 208]
[194, 209]
[194, 211]
[194, 214]
[194, 217]
[194, 218]
[194, 220]
[194, 223]
[194, 226]
[194, 227]
[194, 232]
[194, 235]
[194, 236]
[194, 239]
[194, 241]
[194, 244]
[194, 245]
[194, 248]
[194, 250]
[194, 253]
[194, 254]
[194, 257]
[194, 259]
[194, 262]
[194, 263]
[194, 266]
[194, 268]
[194, 271]
[194, 272]
[194, 275]
[194, 277]
[194, 280]
[194, 281]
[194, 284]
[194, 286]
[194, 289]
[194, 290]
[194, 293]
[194, 295]
[194, 298]
[194, 299]
[194, 302]
[194, 304]
[194, 307]
[194, 308]
[194, 311]
[194, 312]
[194, 313]
[194, 316]
[194, 317]
[194, 319]
[194, 322]
[194, 325]
[194, 326]
[194, 328]
[194, 331]
[195, 199]
[195, 200]
[195, 202]
[195, 205]
[195, 208]
[195, 209]
[195, 211]
[195, 214]
[195, 217]
[195, 218]
[195, 220]
[195, 223]
[195, 226]
[195, 227]
[195, 232]
[195, 235]
[195, 236]
[195, 239]
[195, 241]
[195, 244]
[195, 245]
[195, 248]
[195, 250]
[195, 253]
[195, 254]
[195, 257]
[195, 259]
[195, 262]
[195, 263]
[195, 266]
[195, 268]
[195, 271]
[195, 272]
[195, 275]
[195, 277]
[195, 280]
[195, 281]
[195, 284]
[195, 286]
[195, 289]
[195, 290]
[195, 293]
[195, 295]
[195, 298]
[195, 299]
[195, 302]
[195, 304]
[195, 307]
[195, 308]
[195, 311]
[195, 312]
[195, 313]
[195, 316]
[195, 317]
[195, 319]
[195, 322]
[195, 325]
[195, 326]
[195, 328]
[195, 331]
[196, 199]
[196, 200]
[196, 202]
[196, 205]
[196, 208]
[196, 209]
[196, 211]
[196, 214]
[196, 217]
[196, 218]
[196, 220]
[196, 223]
[196, 226]
[196, 227]
[196, 232]
[196, 235]
[196, 236]
[196, 239]
[196, 241]
[196, 244]
[196, 245]
[196, 248]
[196, 250]
[196, 253]
[196, 254]
[196, 257]
[196, 259]
[196, 262]
[196, 263]
[196, 266]
[196, 268]
[196, 271]
[196, 272]
[196, 275]
[196, 277]
[196, 280]
[196, 281]
[196, 284]
[196, 286]
[196, 289]
[196, 290]
[196, 293]
[196, 295]
[196, 298]
[196, 299]
[196, 302]
[196, 304]
[196, 307]
[196, 308]
[196, 311]
[196, 312]
[196, 313]
[196, 316]
[196, 317]
[196, 319]
[196, 322]
[196, 325]
[196, 326]
[196, 328]
[196, 331]
[199, 202]
[199, 211]
[199, 214]
[199, 220]
[199, 223]
[199, 232]
[199, 235]
[199, 236]
[199, 239]
[199, 241]
[199, 244]
[199, 245]
[199, 248]
[199, 250]
[199, 253]
[199, 254]
[199, 257]
[199, 259]
[199, 262]
[199, 263]
[199, 266]
[199, 268]
[199, 271]
[199, 272]
[199, 275]
[199, 277]
[199, 280]
[199, 281]
[199, 284]
[199, 286]
[199, 289]
[199, 290]
[199, 293]
[199, 295]
[199, 298]
[199, 299]
[199, 302]
[199, 304]
[199, 307]
[199, 308]
[199, 311]
[199, 312]
[199, 313]
[199, 316]
[199, 317]
[199, 319]
[199, 322]
[199, 325]
[199, 326]
[199, 328]
[199, 331]
[200, 202]
[200, 208]
[200, 209]
[200, 211]
[200, 214]
[200, 217]
[200, 218]
[200, 220]
[200, 223]
[200, 226]
[200, 227]
[200, 232]
[200, 235]
[200, 236]
[200, 239]
[200, 241]
[200, 244]
[200, 245]
[200, 248]
[200, 250]
[200, 253]
[200, 254]
[200, 257]
[200, 259]
[200, 262]
[200, 263]
[200, 266]
[200, 268]
[200, 271]
[200, 272]
[200, 275]
[200, 277]
[200, 280]
[200, 281]
[200, 284]
[200, 286]
[200, 289]
[200, 290]
[200, 293]
[200, 295]
[200, 298]
[200, 299]
[200, 302]
[200, 304]
[200, 307]
[200, 308]
[200, 311]
[200, 312]
[200, 313]
[200, 316]
[200, 317]
[200, 319]
[200, 322]
[200, 325]
[200, 326]
[200, 328]
[200, 331]
[202, 211]
[202, 214]
[202, 220]
[202, 223]
[202, 232]
[202, 235]
[202, 236]
[202, 239]
[202, 241]
[202, 244]
[202, 245]
[202, 248]
[202, 250]
[202, 253]
[202, 254]
[202, 257]
[202, 259]
[202, 262]
[202, 263]
[202, 266]
[202, 268]
[202, 271]
[202, 272]
[202, 275]
[202, 277]
[202, 280]
[202, 281]
[202, 284]
[202, 286]
[202, 289]
[202, 290]
[202, 293]
[202, 295]
[202, 298]
[202, 299]
[202, 302]
[202, 304]
[202, 307]
[202, 308]
[202, 311]
[202, 312]
[202, 313]
[202, 316]
[202, 317]
[202, 319]
[202, 322]
[202, 325]
[202, 326]
[202, 328]
[202, 331]
[205, 208]
[205, 209]
[205, 211]
[205, 214]
[205, 217]
[205, 218]
[205, 220]
[205, 223]
[205, 226]
[205, 227]
[205, 232]
[205, 235]
[205, 236]
[205, 239]
[205, 241]
[205, 244]
[205, 245]
[205, 248]
[205, 250]
[205, 253]
[205, 254]
[205, 257]
[205, 259]
[205, 262]
[205, 263]
[205, 266]
[205, 268]
[205, 271]
[205, 272]
[205, 275]
[205, 277]
[205, 280]
[205, 281]
[205, 284]
[205, 286]
[205, 289]
[205, 290]
[205, 293]
[205, 295]
[205, 298]
[205, 299]
[205, 302]
[205, 304]
[205, 307]
[205, 308]
[205, 311]
[205, 312]
[205, 313]
[205, 316]
[205, 317]
[205, 319]
[205, 322]
[205, 325]
[205, 326]
[205, 328]
[205, 331]
[208, 211]
[208, 220]
[208, 223]
[208, 232]
[208, 235]
[208, 236]
[208, 239]
[208, 241]
[208, 244]
[208, 245]
[208, 248]
[208, 250]
[208, 253]
[208, 254]
[208, 257]
[208, 259]
[208, 262]
[208, 263]
[208, 266]
[208, 268]
[208, 271]
[208, 272]
[208, 275]
[208, 277]
[208, 280]
[208, 281]
[208, 284]
[208, 286]
[208, 289]
[208, 290]
[208, 293]
[208, 295]
[208, 298]
[208, 299]
[208, 302]
[208, 304]
[208, 307]
[208, 308]
[208, 311]
[208, 312]
[208, 313]
[208, 316]
[208, 317]
[208, 319]
[208, 322]
[208, 325]
[208, 326]
[208, 328]
[208, 331]
[209, 211]
[209, 217]
[209, 218]
[209, 220]
[209, 223]
[209, 226]
[209, 227]
[209, 232]
[209, 235]
[209, 236]
[209, 239]
[209, 241]
[209, 244]
[209, 245]
[209, 248]
[209, 250]
[209, 253]
[209, 254]
[209, 257]
[209, 259]
[209, 262]
[209, 263]
[209, 266]
[209, 268]
[209, 271]
[209, 272]
[209, 275]
[209, 277]
[209, 280]
[209, 281]
[209, 284]
[209, 286]
[209, 289]
[209, 290]
[209, 293]
[209, 295]
[209, 298]
[209, 299]
[209, 302]
[209, 304]
[209, 307]
[209, 308]
[209, 311]
[209, 312]
[209, 313]
[209, 316]
[209, 317]
[209, 319]
[209, 322]
[209, 325]
[209, 326]
[209, 328]
[209, 331]
[211, 220]
[211, 223]
[211, 232]
[211, 235]
[211, 236]
[211, 239]
[211, 241]
[211, 244]
[211, 245]
[211, 248]
[211, 250]
[211, 253]
[211, 254]
[211, 257]
[211, 259]
[211, 262]
[211, 263]
[211, 266]
[211, 268]
[211, 271]
[211, 272]
[211, 275]
[211, 277]
[211, 280]
[211, 281]
[211, 284]
[211, 286]
[211, 289]
[211, 290]
[211, 293]
[211, 295]
[211, 298]
[211, 299]
[211, 302]
[211, 304]
[211, 307]
[211, 308]
[211, 311]
[211, 312]
[211, 313]
[211, 316]
[211, 317]
[211, 319]
[211, 322]
[211, 325]
[211, 326]
[211, 328]
[211, 331]
[214, 217]
[214, 218]
[214, 220]
[214, 223]
[214, 226]
[214, 227]
[214, 232]
[214, 235]
[214, 236]
[214, 239]
[214, 241]
[214, 244]
[214, 245]
[214, 248]
[214, 250]
[214, 253]
[214, 254]
[214, 257]
[214, 259]
[214, 262]
[214, 263]
[214, 266]
[214, 268]
[214, 271]
[214, 272]
[214, 275]
[214, 277]
[214, 280]
[214, 281]
[214, 284]
[214, 286]
[214, 289]
[214, 290]
[214, 293]
[214, 295]
[214, 298]
[214, 299]
[214, 302]
[214, 304]
[214, 307]
[214, 308]
[214, 311]
[214, 312]
[214, 313]
[214, 316]
[214, 317]
[214, 319]
[214, 322]
[214, 325]
[214, 326]
[214, 328]
[214, 331]
[217, 220]
[217, 232]
[217, 235]
[217, 236]
[217, 239]
[217, 241]
[217, 244]
[217, 245]
[217, 248]
[217, 250]
[217, 253]
[217, 254]
[217, 257]
[217, 259]
[217, 262]
[217, 263]
[217, 266]
[217, 268]
[217, 271]
[217, 272]
[217, 275]
[217, 277]
[217, 280]
[217, 281]
[217, 284]
[217, 286]
[217, 289]
[217, 290]
[217, 293]
[217, 295]
[217, 298]
[217, 299]
[217, 302]
[217, 304]
[217, 307]
[217, 308]
[217, 311]
[217, 312]
[217, 313]
[217, 316]
[217, 317]
[217, 319]
[217, 322]
[217, 325]
[217, 326]
[217, 328]
[217, 331]
[218, 220]
[218, 226]
[218, 227]
[218, 232]
[218, 235]
[218, 236]
[218, 239]
[218, 241]
[218, 244]
[218, 245]
[218, 248]
[218, 250]
[218, 253]
[218, 254]
[218, 257]
[218, 259]
[218, 262]
[218, 263]
[218, 266]
[218, 268]
[218, 271]
[218, 272]
[218, 275]
[218, 277]
[218, 280]
[218, 281]
[218, 284]
[218, 286]
[218, 289]
[218, 290]
[218, 293]
[218, 295]
[218, 298]
[218, 299]
[218, 302]
[218, 304]
[218, 307]
[218, 308]
[218, 311]
[218, 312]
[218, 313]
[218, 316]
[218, 317]
[218, 319]
[218, 322]
[218, 325]
[218, 326]
[218, 328]
[218, 331]
[220, 232]
[220, 235]
[220, 236]
[220, 239]
[220, 241]
[220, 244]
[220, 245]
[220, 248]
[220, 250]
[220, 253]
[220, 254]
[220, 257]
[220, 259]
[220, 262]
[220, 263]
[220, 266]
[220, 268]
[220, 271]
[220, 272]
[220, 275]
[220, 277]
[220, 280]
[220, 281]
[220, 284]
[220, 286]
[220, 289]
[220, 290]
[220, 293]
[220, 295]
[220, 298]
[220, 299]
[220, 302]
[220, 304]
[220, 307]
[220, 308]
[220, 311]
[220, 312]
[220, 313]
[220, 316]
[220, 317]
[220, 319]
[220, 322]
[220, 325]
[220, 326]
[220, 328]
[220, 331]
[223, 226]
[223, 227]
[223, 232]
[223, 235]
[223, 236]
[223, 239]
[223, 241]
[223, 244]
[223, 245]
[223, 248]
[223, 250]
[223, 253]
[223, 254]
[223, 257]
[223, 259]
[223, 262]
[223, 263]
[223, 266]
[223, 268]
[223, 271]
[223, 272]
[223, 275]
[223, 277]
[223, 280]
[223, 281]
[223, 284]
[223, 286]
[223, 289]
[223, 290]
[223, 293]
[223, 295]
[223, 298]
[223, 299]
[223, 302]
[223, 304]
[223, 307]
[223, 308]
[223, 311]
[223, 312]
[223, 313]
[223, 316]
[223, 317]
[223, 319]
[223, 322]
[223, 325]
[223, 326]
[223, 328]
[223, 331]
[226, 235]
[226, 236]
[226, 239]
[226, 241]
[226, 244]
[226, 245]
[226, 248]
[226, 250]
[226, 253]
[226, 254]
[226, 257]
[226, 259]
[226, 262]
[226, 263]
[226, 266]
[226, 268]
[226, 271]
[226, 272]
[226, 275]
[226, 277]
[226, 280]
[226, 281]
[226, 284]
[226, 286]
[226, 289]
[226, 290]
[226, 293]
[226, 295]
[226, 298]
[226, 299]
[226, 302]
[226, 304]
[226, 307]
[226, 308]
[226, 311]
[226, 312]
[226, 313]
[226, 316]
[226, 317]
[226, 319]
[226, 322]
[226, 325]
[226, 326]
[226, 328]
[226, 331]
[227, 235]
[227, 236]
[227, 239]
[227, 241]
[227, 244]
[227, 245]
[227, 248]
[227, 250]
[227, 253]
[227, 254]
[227, 257]
[227, 259]
[227, 262]
[227, 263]
[227, 266]
[227, 268]
[227, 271]
[227, 272]
[227, 275]
[227, 277]
[227, 280]
[227, 281]
[227, 284]
[227, 286]
[227, 289]
[227, 290]
[227, 293]
[227, 295]
[227, 298]
[227, 299]
[227, 302]
[227, 304]
[227, 307]
[227, 308]
[227, 311]
[227, 312]
[227, 313]
[227, 316]
[227, 317]
[227, 319]
[227, 322]
[227, 325]
[227, 326]
[227, 328]
[227, 331]
[232, 235]
[232, 236]
[232, 239]
[232, 241]
[232, 244]
[232, 245]
[232, 248]
[232, 250]
[232, 253]
[232, 254]
[232, 257]
[232, 259]
[232, 262]
[232, 263]
[232, 266]
[232, 268]
[232, 271]
[232, 272]
[232, 275]
[232, 277]
[232, 280]
[232, 281]
[232, 284]
[232, 286]
[232, 289]
[232, 290]
[232, 293]
[232, 295]
[232, 298]
[232, 299]
[232, 302]
[232, 304]
[232, 307]
[232, 308]
[232, 311]
[232, 312]
[232, 313]
[232, 316]
[232, 317]
[232, 319]
[232, 322]
[232, 325]
[232, 326]
[232, 328]
[232, 331]
[235, 239]
[235, 244]
[235, 245]
[235, 248]
[235, 250]
[235, 253]
[235, 254]
[235, 257]
[235, 259]
[235, 262]
[235, 263]
[235, 266]
[235, 268]
[235, 271]
[235, 272]
[235, 275]
[235, 277]
[235, 280]
[235, 281]
[235, 284]
[235, 286]
[235, 289]
[235, 290]
[235, 293]
[235, 295]
[235, 298]
[235, 299]
[235, 302]
[235, 304]
[235, 307]
[235, 308]
[235, 311]
[235, 312]
[235, 313]
[235, 316]
[235, 317]
[235, 319]
[235, 322]
[235, 325]
[235, 326]
[235, 328]
[235, 331]
[236, 239]
[236, 244]
[236, 245]
[236, 248]
[236, 250]
[236, 253]
[236, 254]
[236, 257]
[236, 259]
[236, 262]
[236, 263]
[236, 266]
[236, 268]
[236, 271]
[236, 272]
[236, 275]
[236, 277]
[236, 280]
[236, 281]
[236, 284]
[236, 286]
[236, 289]
[236, 290]
[236, 293]
[236, 295]
[236, 298]
[236, 299]
[236, 302]
[236, 304]
[236, 307]
[236, 308]
[236, 311]
[236, 312]
[236, 313]
[236, 316]
[236, 317]
[236, 319]
[236, 322]
[236, 325]
[236, 326]
[236, 328]
[236, 331]
[239, 244]
[239, 245]
[239, 248]
[239, 250]
[239, 253]
[239, 254]
[239, 257]
[239, 259]
[239, 262]
[239, 263]
[239, 266]
[239, 268]
[239, 271]
[239, 272]
[239, 275]
[239, 277]
[239, 280]
[239, 281]
[239, 284]
[239, 286]
[239, 289]
[239, 290]
[239, 293]
[239, 295]
[239, 298]
[239, 299]
[239, 302]
[239, 304]
[239, 307]
[239, 308]
[239, 311]
[239, 312]
[239, 313]
[239, 316]
[239, 317]
[239, 319]
[239, 322]
[239, 325]
[239, 326]
[239, 328]
[239, 331]
[241, 244]
[241, 245]
[241, 248]
[241, 250]
[241, 253]
[241, 254]
[241, 257]
[241, 259]
[241, 262]
[241, 263]
[241, 266]
[241, 268]
[241, 271]
[241, 272]
[241, 275]
[241, 277]
[241, 280]
[241, 281]
[241, 284]
[241, 286]
[241, 289]
[241, 290]
[241, 293]
[241, 295]
[241, 298]
[241, 299]
[241, 302]
[241, 304]
[241, 307]
[241, 308]
[241, 311]
[241, 312]
[241, 313]
[241, 316]
[241, 317]
[241, 319]
[241, 322]
[241, 325]
[241, 326]
[241, 328]
[241, 331]
[244, 248]
[244, 253]
[244, 254]
[244, 257]
[244, 259]
[244, 262]
[244, 263]
[244, 266]
[244, 268]
[244, 271]
[244, 272]
[244, 275]
[244, 277]
[244, 280]
[244, 281]
[244, 284]
[244, 286]
[244, 289]
[244, 290]
[244, 293]
[244, 295]
[244, 298]
[244, 299]
[244, 302]
[244, 304]
[244, 307]
[244, 308]
[244, 311]
[244, 312]
[244, 313]
[244, 316]
[244, 317]
[244, 319]
[244, 322]
[244, 325]
[244, 326]
[244, 328]
[244, 331]
[245, 248]
[245, 253]
[245, 254]
[245, 257]
[245, 259]
[245, 262]
[245, 263]
[245, 266]
[245, 268]
[245, 271]
[245, 272]
[245, 275]
[245, 277]
[245, 280]
[245, 281]
[245, 284]
[245, 286]
[245, 289]
[245, 290]
[245, 293]
[245, 295]
[245, 298]
[245, 299]
[245, 302]
[245, 304]
[245, 307]
[245, 308]
[245, 311]
[245, 312]
[245, 313]
[245, 316]
[245, 317]
[245, 319]
[245, 322]
[245, 325]
[245, 326]
[245, 328]
[245, 331]
[248, 253]
[248, 254]
[248, 257]
[248, 259]
[248, 262]
[248, 263]
[248, 266]
[248, 268]
[248, 271]
[248, 272]
[248, 275]
[248, 277]
[248, 280]
[248, 281]
[248, 284]
[248, 286]
[248, 289]
[248, 290]
[248, 293]
[248, 295]
[248, 298]
[248, 299]
[248, 302]
[248, 304]
[248, 307]
[248, 308]
[248, 311]
[248, 312]
[248, 313]
[248, 316]
[248, 317]
[248, 319]
[248, 322]
[248, 325]
[248, 326]
[248, 328]
[248, 331]
[250, 253]
[250, 254]
[250, 257]
[250, 259]
[250, 262]
[250, 263]
[250, 266]
[250, 268]
[250, 271]
[250, 272]
[250, 275]
[250, 277]
[250, 280]
[250, 281]
[250, 284]
[250, 286]
[250, 289]
[250, 290]
[250, 293]
[250, 295]
[250, 298]
[250, 299]
[250, 302]
[250, 304]
[250, 307]
[250, 308]
[250, 311]
[250, 312]
[250, 313]
[250, 316]
[250, 317]
[250, 319]
[250, 322]
[250, 325]
[250, 326]
[250, 328]
[250, 331]
[253, 257]
[253, 262]
[253, 263]
[253, 266]
[253, 268]
[253, 271]
[253, 272]
[253, 275]
[253, 277]
[253, 280]
[253, 281]
[253, 284]
[253, 286]
[253, 289]
[253, 290]
[253, 293]
[253, 295]
[253, 298]
[253, 299]
[253, 302]
[253, 304]
[253, 307]
[253, 308]
[253, 311]
[253, 312]
[253, 313]
[253, 316]
[253, 317]
[253, 319]
[253, 322]
[253, 325]
[253, 326]
[253, 328]
[253, 331]
[254, 257]
[254, 262]
[254, 263]
[254, 266]
[254, 268]
[254, 271]
[254, 272]
[254, 275]
[254, 277]
[254, 280]
[254, 281]
[254, 284]
[254, 286]
[254, 289]
[254, 290]
[254, 293]
[254, 295]
[254, 298]
[254, 299]
[254, 302]
[254, 304]
[254, 307]
[254, 308]
[254, 311]
[254, 312]
[254, 313]
[254, 316]
[254, 317]
[254, 319]
[254, 322]
[254, 325]
[254, 326]
[254, 328]
[254, 331]
[257, 262]
[257, 263]
[257, 266]
[257, 268]
[257, 271]
[257, 272]
[257, 275]
[257, 277]
[257, 280]
[257, 281]
[257, 284]
[257, 286]
[257, 289]
[257, 290]
[257, 293]
[257, 295]
[257, 298]
[257, 299]
[257, 302]
[257, 304]
[257, 307]
[257, 308]
[257, 311]
[257, 312]
[257, 313]
[257, 316]
[257, 317]
[257, 319]
[257, 322]
[257, 325]
[257, 326]
[257, 328]
[257, 331]
[259, 262]
[259, 263]
[259, 266]
[259, 268]
[259, 271]
[259, 272]
[259, 275]
[259, 277]
[259, 280]
[259, 281]
[259, 284]
[259, 286]
[259, 289]
[259, 290]
[259, 293]
[259, 295]
[259, 298]
[259, 299]
[259, 302]
[259, 304]
[259, 307]
[259, 308]
[259, 311]
[259, 312]
[259, 313]
[259, 316]
[259, 317]
[259, 319]
[259, 322]
[259, 325]
[259, 326]
[259, 328]
[259, 331]
[262, 266]
[262, 271]
[262, 272]
[262, 275]
[262, 277]
[262, 280]
[262, 281]
[262, 284]
[262, 286]
[262, 289]
[262, 290]
[262, 293]
[262, 295]
[262, 298]
[262, 299]
[262, 302]
[262, 304]
[262, 307]
[262, 308]
[262, 311]
[262, 312]
[262, 313]
[262, 316]
[262, 317]
[262, 319]
[262, 322]
[262, 325]
[262, 326]
[262, 328]
[262, 331]
[263, 266]
[263, 271]
[263, 272]
[263, 275]
[263, 277]
[263, 280]
[263, 281]
[263, 284]
[263, 286]
[263, 289]
[263, 290]
[263, 293]
[263, 295]
[263, 298]
[263, 299]
[263, 302]
[263, 304]
[263, 307]
[263, 308]
[263, 311]
[263, 312]
[263, 313]
[263, 316]
[263, 317]
[263, 319]
[263, 322]
[263, 325]
[263, 326]
[263, 328]
[263, 331]
[266, 271]
[266, 272]
[266, 275]
[266, 277]
[266, 280]
[266, 281]
[266, 284]
[266, 286]
[266, 289]
[266, 290]
[266, 293]
[266, 295]
[266, 298]
[266, 299]
[266, 302]
[266, 304]
[266, 307]
[266, 308]
[266, 311]
[266, 312]
[266, 313]
[266, 316]
[266, 317]
[266, 319]
[266, 322]
[266, 325]
[266, 326]
[266, 328]
[266, 331]
[268, 271]
[268, 272]
[268, 275]
[268, 277]
[268, 280]
[268, 281]
[268, 284]
[268, 286]
[268, 289]
[268, 290]
[268, 293]
[268, 295]
[268, 298]
[268, 299]
[268, 302]
[268, 304]
[268, 307]
[268, 308]
[268, 311]
[268, 312]
[268, 313]
[268, 316]
[268, 317]
[268, 319]
[268, 322]
[268, 325]
[268, 326]
[268, 328]
[268, 331]
[271, 275]
[271, 280]
[271, 281]
[271, 284]
[271, 286]
[271, 289]
[271, 290]
[271, 293]
[271, 295]
[271, 298]
[271, 299]
[271, 302]
[271, 304]
[271, 307]
[271, 308]
[271, 311]
[271, 312]
[271, 313]
[271, 316]
[271, 317]
[271, 319]
[271, 322]
[271, 325]
[271, 326]
[271, 328]
[271, 331]
[272, 275]
[272, 280]
[272, 281]
[272, 284]
[272, 286]
[272, 289]
[272, 290]
[272, 293]
[272, 295]
[272, 298]
[272, 299]
[272, 302]
[272, 304]
[272, 307]
[272, 308]
[272, 311]
[272, 312]
[272, 313]
[272, 316]
[272, 317]
[272, 319]
[272, 322]
[272, 325]
[272, 326]
[272, 328]
[272, 331]
[275, 280]
[275, 281]
[275, 284]
[275, 286]
[275, 289]
[275, 290]
[275, 293]
[275, 295]
[275, 298]
[275, 299]
[275, 302]
[275, 304]
[275, 307]
[275, 308]
[275, 311]
[275, 312]
[275, 313]
[275, 316]
[275, 317]
[275, 319]
[275, 322]
[275, 325]
[275, 326]
[275, 328]
[275, 331]
[277, 280]
[277, 281]
[277, 284]
[277, 286]
[277, 289]
[277, 290]
[277, 293]
[277, 295]
[277, 298]
[277, 299]
[277, 302]
[277, 304]
[277, 307]
[277, 308]
[277, 311]
[277, 312]
[277, 313]
[277, 316]
[277, 317]
[277, 319]
[277, 322]
[277, 325]
[277, 326]
[277, 328]
[277, 331]
[280, 284]
[280, 289]
[280, 290]
[280, 293]
[280, 295]
[280, 298]
[280, 299]
[280, 302]
[280, 304]
[280, 307]
[280, 308]
[280, 311]
[280, 312]
[280, 313]
[280, 316]
[280, 317]
[280, 319]
[280, 322]
[280, 325]
[280, 326]
[280, 328]
[280, 331]
[281, 284]
[281, 289]
[281, 290]
[281, 293]
[281, 295]
[281, 298]
[281, 299]
[281, 302]
[281, 304]
[281, 307]
[281, 308]
[281, 311]
[281, 312]
[281, 313]
[281, 316]
[281, 317]
[281, 319]
[281, 322]
[281, 325]
[281, 326]
[281, 328]
[281, 331]
[284, 289]
[284, 290]
[284, 293]
[284, 295]
[284, 298]
[284, 299]
[284, 302]
[284, 304]
[284, 307]
[284, 308]
[284, 311]
[284, 312]
[284, 313]
[284, 316]
[284, 317]
[284, 319]
[284, 322]
[284, 325]
[284, 326]
[284, 328]
[284, 331]
[286, 289]
[286, 290]
[286, 293]
[286, 295]
[286, 298]
[286, 299]
[286, 302]
[286, 304]
[286, 307]
[286, 308]
[286, 311]
[286, 312]
[286, 313]
[286, 316]
[286, 317]
[286, 319]
[286, 322]
[286, 325]
[286, 326]
[286, 328]
[286, 331]
[289, 293]
[289, 298]
[289, 299]
[289, 302]
[289, 304]
[289, 307]
[289, 308]
[289, 311]
[289, 312]
[289, 313]
[289, 316]
[289, 317]
[289, 319]
[289, 322]
[289, 325]
[289, 326]
[289, 328]
[289, 331]
[290, 293]
[290, 298]
[290, 299]
[290, 302]
[290, 304]
[290, 307]
[290, 308]
[290, 311]
[290, 312]
[290, 313]
[290, 316]
[290, 317]
[290, 319]
[290, 322]
[290, 325]
[290, 326]
[290, 328]
[290, 331]
[293, 298]
[293, 299]
[293, 302]
[293, 304]
[293, 307]
[293, 308]
[293, 311]
[293, 312]
[293, 313]
[293, 316]
[293, 317]
[293, 319]
[293, 322]
[293, 325]
[293, 326]
[293, 328]
[293, 331]
[295, 298]
[295, 299]
[295, 302]
[295, 304]
[295, 307]
[295, 308]
[295, 311]
[295, 312]
[295, 313]
[295, 316]
[295, 317]
[295, 319]
[295, 322]
[295, 325]
[295, 326]
[295, 328]
[295, 331]
[298, 302]
[298, 307]
[298, 308]
[298, 311]
[298, 312]
[298, 313]
[298, 316]
[298, 317]
[298, 319]
[298, 322]
[298, 325]
[298, 326]
[298, 328]
[298, 331]
[299, 302]
[299, 307]
[299, 308]
[299, 311]
[299, 312]
[299, 313]
[299, 316]
[299, 317]
[299, 319]
[299, 322]
[299, 325]
[299, 326]
[299, 328]
[299, 331]
[302, 307]
[302, 308]
[302, 311]
[302, 312]
[302, 313]
[302, 316]
[302, 317]
[302, 319]
[302, 322]
[302, 325]
[302, 326]
[302, 328]
[302, 331]
[304, 307]
[304, 308]
[304, 311]
[304, 312]
[304, 313]
[304, 316]
[304, 317]
[304, 319]
[304, 322]
[304, 325]
[304, 326]
[304, 328]
[304, 331]
[307, 311]
[307, 312]
[307, 316]
[307, 317]
[307, 319]
[307, 322]
[307, 325]
[307, 326]
[307, 328]
[307, 331]
[308, 311]
[308, 312]
[308, 316]
[308, 317]
[308, 319]
[308, 322]
[308, 325]
[308, 326]
[308, 328]
[308, 331]
[311, 316]
[311, 317]
[311, 319]
[311, 322]
[311, 325]
[311, 326]
[311, 328]
[311, 331]
[312, 316]
[312, 317]
[312, 319]
[312, 322]
[312, 325]
[312, 326]
[312, 328]
[312, 331]
[313, 316]
[313, 317]
[313, 319]
[313, 322]
[313, 325]
[313, 326]
[313, 328]
[313, 331]
[316, 319]
[316, 328]
[316, 331]
[317, 319]
[317, 325]
[317, 326]
[317, 328]
[317, 331]
[319, 328]
[319, 331]
[322, 325]
[322, 326]
[322, 328]
[322, 331]
[325, 328]
[326, 328]
[341, 346]
[341, 502]
[341, 503]
[341, 504]
[341, 506]
[341, 507]
[341, 509]
[341, 510]
[341, 511]
[341, 512]
[341, 513]
[341, 514]
[341, 515]
[341, 516]
[341, 517]
[341, 519]
[341, 520]
[341, 521]
[341, 522]
[341, 523]
[341, 525]
[341, 526]
[341, 528]
[341, 529]
[341, 530]
[341, 809]
[342, 346]
[342, 502]
[342, 503]
[342, 504]
[342, 506]
[342, 507]
[342, 509]
[342, 510]
[342, 511]
[342, 512]
[342, 513]
[342, 514]
[342, 515]
[342, 516]
[342, 517]
[342, 519]
[342, 520]
[342, 521]
[342, 522]
[342, 523]
[342, 525]
[342, 526]
[342, 528]
[342, 529]
[342, 530]
[342, 809]
[346, 809]
[357, 361]
[368, 378]
[368, 379]
[368, 380]
[368, 381]
[368, 382]
[368, 383]
[368, 384]
[370, 378]
[370, 379]
[370, 380]
[370, 381]
[370, 382]
[370, 383]
[370, 384]
[371, 378]
[371, 379]
[371, 380]
[371, 381]
[371, 382]
[371, 383]
[371, 384]
[374, 378]
[374, 379]
[374, 380]
[374, 381]
[374, 382]
[374, 383]
[374, 384]
[378, 379]
[378, 380]
[378, 381]
[378, 382]
[378, 383]
[378, 384]
[379, 380]
[379, 381]
[379, 382]
[379, 383]
[379, 384]
[386, 390]
[387, 393]
[387, 395]
[387, 396]
[387, 399]
[389, 393]
[389, 395]
[389, 396]
[389, 399]
[391, 393]
[391, 395]
[391, 396]
[391, 399]
[392, 393]
[392, 395]
[392, 396]
[392, 399]
[435, 484]
[442, 467]
[447, 458]
[448, 449]
[464, 469]
[464, 473]
[485, 491]
[485, 492]
[485, 494]
[485, 495]
[485, 496]
[485, 497]
[485, 498]
[485, 499]
[487, 488]
[487, 489]
[488, 489]
[494, 498]
[494, 499]
[497, 498]
[497, 499]
[498, 499]
[502, 503]
[502, 504]
[502, 506]
[502, 507]
[502, 509]
[502, 510]
[502, 511]
[502, 512]
[502, 513]
[502, 514]
[502, 515]
[502, 516]
[502, 517]
[502, 519]
[502, 520]
[502, 521]
[502, 522]
[502, 523]
[502, 525]
[502, 526]
[502, 528]
[502, 529]
[502, 530]
[502, 809]
[503, 515]
[503, 516]
[503, 520]
[503, 523]
[503, 525]
[503, 526]
[503, 528]
[503, 529]
[504, 513]
[504, 514]
[504, 516]
[504, 523]
[504, 525]
[504, 526]
[504, 528]
[504, 529]
[504, 530]
[504, 809]
[506, 513]
[506, 514]
[506, 516]
[506, 523]
[506, 525]
[506, 526]
[506, 528]
[506, 529]
[506, 530]
[506, 809]
[507, 513]
[507, 514]
[507, 516]
[507, 523]
[507, 525]
[507, 526]
[507, 528]
[507, 529]
[507, 530]
[507, 809]
[509, 510]
[509, 511]
[509, 513]
[509, 514]
[509, 523]
[509, 525]
[509, 526]
[509, 528]
[509, 529]
[509, 530]
[509, 809]
[510, 511]
[510, 513]
[510, 514]
[510, 523]
[510, 525]
[510, 526]
[510, 528]
[510, 529]
[510, 530]
[510, 809]
[511, 513]
[511, 514]
[511, 523]
[511, 525]
[511, 526]
[511, 528]
[511, 529]
[511, 530]
[511, 809]
[512, 513]
[512, 514]
[512, 516]
[512, 523]
[512, 525]
[512, 526]
[512, 528]
[512, 529]
[512, 530]
[512, 809]
[513, 514]
[513, 516]
[513, 523]
[513, 525]
[513, 526]
[513, 528]
[513, 529]
[513, 530]
[513, 809]
[514, 516]
[514, 523]
[514, 525]
[514, 526]
[514, 528]
[514, 529]
[514, 530]
[514, 809]
[515, 516]
[515, 520]
[515, 523]
[515, 525]
[515, 526]
[515, 528]
[515, 529]
[515, 530]
[515, 809]
[516, 520]
[516, 523]
[516, 525]
[516, 526]
[516, 529]
[516, 530]
[516, 809]
[517, 523]
[517, 525]
[517, 526]
[517, 529]
[517, 530]
[517, 809]
[519, 523]
[519, 525]
[519, 526]
[519, 529]
[519, 530]
[519, 809]
[521, 523]
[521, 525]
[521, 526]
[521, 529]
[521, 530]
[521, 809]
[522, 523]
[522, 525]
[522, 526]
[522, 529]
[522, 530]
[522, 809]
[523, 530]
[523, 809]
[525, 530]
[525, 809]
[526, 530]
[526, 809]
[528, 530]
[528, 809]
[529, 530]
[529, 809]
[530, 809]
[531, 535]
[531, 536]
[531, 537]
[531, 556]
[532, 533]
[535, 536]
[535, 556]
[536, 556]
[537, 556]
[541, 542]
[547, 548]
[626, 628]
[633, 637]
[640, 641]
[640, 642]
[640, 643]
[640, 644]
[640, 645]
[640, 646]
[640, 648]
[640, 649]
[640, 650]
[640, 651]
[641, 649]
[642, 649]
[643, 649]
[644, 649]
[645, 649]
[654, 684]
[654, 685]
[654, 924]
[678, 717]
[678, 718]
[683, 736]
[722, 732]
[732, 736]
[733, 736]
[759, 760]
[759, 788]
[760, 788]
[777, 778]
[777, 779]
[778, 779]
[780, 785]
[781, 785]
[802, 804]
[802, 805]
[802, 809]
[803, 809]
[804, 809]
[805, 809]
[806, 809]
[807, 809]
[808, 809]
[820, 836]
[822, 836]
[875, 891]
[875, 893]
[875, 895]
[875, 897]
[876, 891]
[876, 893]
[876, 895]
[876, 897]
[877, 891]
[877, 893]
[877, 895]
[877, 897]
[878, 891]
[878, 893]
[878, 895]
[878, 896]
[878, 897]
[879, 891]
[879, 893]
[879, 895]
[879, 897]
[880, 891]
[880, 893]
[880, 895]
[880, 897]
[882, 891]
[882, 893]
[882, 895]
[882, 897]
[883, 891]
[883, 893]
[883, 895]
[883, 897]
[885, 889]
[886, 889]
[887, 889]
[888, 891]
[888, 893]
[888, 895]
[888, 897]
[890, 891]
[890, 893]
[890, 895]
[890, 897]
[891, 896]
[895, 896]
[921, 922]
[921, 923]
[922, 923]
