[1014, 1019]
[1014, 1033]
[1019, 1024]
[1019, 1033]
[1033, 1038]
[1061, 1069]
[1065, 1073]
[1078, 1087]
[1079, 1087]
[1080, 1087]
[1081, 1087]
[1082, 1092]
[1082, 1093]
[1082, 1094]
[1082, 1095]
[1083, 1087]
[1084, 1087]
[1086, 1087]
[1091, 1095]
[1100, 1109]
[1101, 1109]
[1102, 1109]
[1103, 1109]
[1105, 1109]
[1106, 1109]
[1108, 1109]
[1110, 1162]
[1110, 1163]
[1110, 1164]
[1110, 1165]
[1110, 1171]
[1110, 1256]
[1110, 1257]
[1110, 1258]
[1110, 1259]
[1111, 1162]
[1111, 1163]
[1111, 1164]
[1111, 1165]
[1111, 1171]
[1111, 1256]
[1111, 1257]
[1111, 1258]
[1111, 1259]
[1112, 1162]
[1112, 1163]
[1112, 1164]
[1112, 1165]
[1112, 1171]
[1112, 1256]
[1112, 1257]
[1112, 1258]
[1112, 1259]
[1113, 1162]
[1113, 1163]
[1113, 1164]
[1113, 1165]
[1113, 1171]
[1113, 1256]
[1113, 1257]
[1113, 1258]
[1113, 1259]
[1123, 1124]
[1123, 1131]
[1123, 1132]
[1123, 1184]
[1123, 1185]
[1123, 1186]
[1123, 1187]
[1123, 1189]
[1123, 1224]
[1123, 1225]
[1123, 1226]
[1123, 1227]
[1123, 1229]
[1123, 1231]
[1123, 1232]
[1123, 1246]
[1123, 1247]
[1123, 1248]
[1123, 1249]
[1123, 1251]
[1123, 1253]
[1123, 1254]
[1127, 1135]
[1128, 1273]
[1144, 1154]
[1144, 1155]
[1144, 1156]
[1144, 1157]
[1153, 1157]
[1162, 1256]
[1162, 1257]
[1162, 1258]
[1162, 1259]
[1163, 1256]
[1163, 1257]
[1163, 1258]
[1163, 1259]
[1164, 1256]
[1164, 1257]
[1164, 1258]
[1164, 1259]
[1165, 1256]
[1165, 1257]
[1165, 1258]
[1165, 1259]
[1166, 1176]
[1166, 1177]
[1166, 1178]
[1171, 1256]
[1171, 1257]
[1171, 1258]
[1171, 1259]
[1175, 1179]
[1176, 1273]
[1184, 1224]
[1184, 1225]
[1184, 1226]
[1184, 1227]
[1184, 1233]
[1184, 1246]
[1184, 1247]
[1184, 1248]
[1184, 1249]
[1184, 1255]
[1185, 1224]
[1185, 1225]
[1185, 1226]
[1185, 1227]
[1185, 1233]
[1185, 1246]
[1185, 1247]
[1185, 1248]
[1185, 1249]
[1185, 1255]
[1186, 1224]
[1186, 1225]
[1186, 1226]
[1186, 1227]
[1186, 1233]
[1186, 1246]
[1186, 1247]
[1186, 1248]
[1186, 1249]
[1186, 1255]
[1187, 1224]
[1187, 1225]
[1187, 1226]
[1187, 1227]
[1187, 1233]
[1187, 1246]
[1187, 1247]
[1187, 1248]
[1187, 1249]
[1187, 1255]
[1191, 1200]
[1193, 1224]
[1193, 1225]
[1193, 1226]
[1193, 1227]
[1193, 1233]
[1193, 1246]
[1193, 1247]
[1193, 1248]
[1193, 1249]
[1193, 1255]
[1194, 1273]
[1195, 1273]
[1196, 1273]
[1197, 1273]
[1199, 1273]
[1200, 1273]
[1202, 1273]
[1207, 1215]
[1211, 1219]
[1216, 1269]
[1224, 1246]
[1224, 1247]
[1224, 1248]
[1224, 1249]
[1224, 1255]
[1225, 1246]
[1225, 1247]
[1225, 1248]
[1225, 1249]
[1225, 1255]
[1226, 1246]
[1226, 1247]
[1226, 1248]
[1226, 1249]
[1226, 1255]
[1227, 1246]
[1227, 1247]
[1227, 1248]
[1227, 1249]
[1227, 1255]
[1228, 1238]
[1228, 1239]
[1228, 1240]
[1233, 1246]
[1233, 1247]
[1233, 1248]
[1233, 1249]
[1233, 1255]
[1237, 1241]
[1238, 1269]
[1253, 1263]
[1269, 1270]
[1269, 1277]
[1269, 1278]
[1273, 1274]
[1273, 1281]
[1282, 1284]
[1299, 1307]
[1300, 1302]
[1300, 1316]
[1301, 1303]
[1301, 1307]
[1326, 1364]
[1334, 1359]
[1346, 1359]
[1347, 1358]
[1351, 1364]
[1352, 1363]
[1353, 1367]
[1386, 1395]
[1386, 1396]
[1386, 1397]
[1386, 1398]
[1394, 1398]
[1407, 1417]
[1407, 1418]
[1407, 1419]
[1407, 1420]
[1416, 1420]
[1429, 1439]
[1429, 1440]
[1429, 1441]
[1429, 1442]
[1438, 1442]
[1451, 1461]
[1451, 1462]
[1451, 1463]
[1451, 1464]
[1453, 1458]
[1453, 1459]
[1460, 1464]
[1465, 1467]
[1472, 1479]
[1472, 1480]
[1472, 1481]
[1474, 1546]
[1475, 1480]
[1475, 1481]
[1475, 1485]
[1483, 1497]
[1483, 1501]
[1483, 1503]
[1484, 1497]
[1486, 1497]
[1486, 1498]
[1486, 1499]
[1486, 1500]
[1486, 1502]
[1486, 1504]
[1488, 1497]
[1488, 1498]
[1488, 1499]
[1488, 1500]
[1488, 1502]
[1489, 1497]
[1489, 1498]
[1489, 1499]
[1489, 1502]
[1490, 1497]
[1490, 1498]
[1490, 1499]
[1490, 1502]
[1491, 1497]
[1491, 1498]
[1491, 1499]
[1491, 1502]
[1492, 1497]
[1492, 1502]
[1493, 1497]
[1493, 1498]
[1493, 1499]
[1493, 1500]
[1493, 1501]
[1493, 1502]
[1493, 1503]
[1494, 1497]
[1494, 1502]
[1506, 1515]
[1506, 1517]
[1507, 1515]
[1507, 1516]
[1507, 1517]
[1507, 1520]
[1508, 1515]
[1508, 1516]
[1508, 1517]
[1508, 1520]
[1512, 1516]
[1512, 1520]
[1512, 1532]
[1514, 1532]
[1514, 1558]
[1514, 1576]
[1519, 1591]
[1524, 1533]
[1524, 1536]
[1525, 1533]
[1525, 1535]
[1525, 1538]
[1526, 1533]
[1526, 1535]
[1526, 1538]
[1527, 1533]
[1527, 1535]
[1527, 1538]
[1529, 1538]
[1532, 1558]
[1532, 1576]
[1537, 1609]
[1542, 1551]
[1542, 1552]
[1542, 1553]
[1543, 1551]
[1543, 1552]
[1543, 1553]
[1543, 1556]
[1548, 1552]
[1548, 1553]
[1555, 1573]
[1557, 1577]
[1558, 1574]
[1558, 1576]
[1559, 1577]
[1560, 1569]
[1560, 1570]
[1560, 1571]
[1560, 1572]
[1561, 1569]
[1561, 1570]
[1561, 1571]
[1561, 1574]
[1566, 1570]
[1566, 1571]
[1566, 1572]
[1566, 1574]
[1578, 1587]
[1579, 1587]
[1579, 1588]
[1579, 1592]
[1580, 1587]
[1580, 1588]
[1580, 1592]
[1581, 1587]
[1581, 1588]
[1581, 1592]
[1584, 1588]
[1584, 1604]
[1586, 1604]
[1596, 1605]
[1597, 1605]
[1597, 1606]
[1597, 1610]
[1598, 1605]
[1598, 1606]
[1598, 1610]
[1599, 1605]
[1599, 1606]
[1599, 1610]
[1601, 1606]
[1601, 1611]
[1633, 1641]
[1633, 1642]
[1633, 1645]
[1634, 1641]
[1634, 1642]
[1634, 1645]
[1635, 1643]
[1638, 1646]
[1638, 1647]
[1638, 1830]
[1638, 1832]
[1638, 1833]
[1638, 1835]
[1639, 1647]
[1639, 1830]
[1639, 1832]
[1639, 1833]
[1639, 1835]
[1669, 1677]
[1669, 1678]
[1669, 1681]
[1670, 1677]
[1670, 1678]
[1670, 1681]
[1671, 1679]
[1674, 1682]
[1674, 1683]
[1674, 1866]
[1674, 1868]
[1674, 1869]
[1674, 1871]
[1675, 1683]
[1675, 1866]
[1675, 1868]
[1675, 1869]
[1675, 1871]
[1706, 1714]
[1706, 1767]
[1706, 1769]
[1706, 1770]
[1706, 1772]
[1707, 1715]
[1709, 1713]
[1709, 1717]
[1709, 1718]
[1709, 1719]
[1710, 1713]
[1710, 1717]
[1710, 1718]
[1710, 1719]
[1711, 1713]
[1711, 1717]
[1711, 1718]
[1711, 1719]
[1729, 1737]
[1742, 1750]
[1742, 1751]
[1742, 1803]
[1742, 1805]
[1742, 1806]
[1742, 1808]
[1743, 1750]
[1743, 1751]
[1743, 1803]
[1743, 1805]
[1743, 1806]
[1743, 1808]
[1745, 1749]
[1745, 1753]
[1745, 1754]
[1745, 1755]
[1746, 1749]
[1746, 1753]
[1746, 1754]
[1746, 1755]
[1747, 1749]
[1747, 1753]
[1747, 1754]
[1747, 1755]
[1781, 1785]
[1781, 1789]
[1781, 1790]
[1782, 1785]
[1782, 1789]
[1782, 1790]
[1783, 1791]
[1817, 1821]
[1817, 1825]
[1817, 1826]
[1818, 1821]
[1818, 1825]
[1818, 1826]
[1819, 1827]
[1837, 1845]
[1849, 1857]
[1849, 1858]
[1849, 1861]
[1850, 1857]
[1850, 1858]
[1850, 1861]
[1851, 1859]
[1885, 1893]
[1885, 1894]
[1885, 1897]
[1886, 1893]
[1886, 1894]
[1886, 1897]
[1887, 1895]
[1903, 2707]
[1903, 2721]
[1904, 2712]
[1904, 2713]
[1904, 2714]
[1904, 2720]
[1905, 1914]
[1905, 1915]
[1905, 1916]
[1905, 1917]
[1906, 1914]
[1906, 1915]
[1906, 1916]
[1906, 1917]
[1907, 1914]
[1907, 1915]
[1907, 1916]
[1907, 1917]
[1908, 1914]
[1908, 1915]
[1908, 1916]
[1908, 1917]
[1909, 1917]
[1909, 2005]
[1909, 2019]
[1910, 1917]
[1910, 1920]
[1910, 2008]
[1910, 2022]
[1911, 1917]
[1912, 2008]
[1912, 2022]
[1913, 2007]
[1913, 2009]
[1913, 2021]
[1913, 2023]
[1918, 1932]
[1918, 1950]
[1920, 1936]
[1920, 1954]
[1921, 1933]
[1921, 1935]
[1921, 1951]
[1921, 1953]
[1921, 2054]
[1922, 1936]
[1922, 1954]
[1922, 2036]
[1927, 1991]
[1928, 1994]
[1930, 1994]
[1931, 1993]
[1931, 1995]
[1932, 1950]
[1934, 1954]
[1935, 1951]
[1935, 1953]
[1935, 2054]
[1936, 1954]
[1936, 2036]
[1937, 1946]
[1937, 1947]
[1937, 1948]
[1937, 1949]
[1938, 1946]
[1938, 1947]
[1938, 1948]
[1938, 1949]
[1939, 1946]
[1939, 1947]
[1939, 1948]
[1939, 1949]
[1940, 1946]
[1940, 1947]
[1940, 1948]
[1940, 1949]
[1941, 1949]
[1941, 1955]
[1941, 1973]
[1942, 1949]
[1942, 1951]
[1942, 1958]
[1942, 1976]
[1943, 1949]
[1944, 1958]
[1944, 1976]
[1945, 1957]
[1945, 1959]
[1945, 1975]
[1945, 1977]
[1953, 2054]
[1954, 2036]
[1955, 1963]
[1955, 1973]
[1956, 1963]
[1956, 1976]
[1957, 1963]
[1958, 1976]
[1959, 1975]
[1959, 1977]
[1964, 2028]
[1965, 2031]
[1967, 2031]
[1968, 2030]
[1968, 2032]
[1969, 1978]
[1969, 1979]
[1969, 1980]
[1969, 1981]
[1970, 1978]
[1970, 1979]
[1970, 1980]
[1970, 1981]
[1971, 1978]
[1971, 1979]
[1971, 1980]
[1971, 1981]
[1973, 1981]
[1974, 1981]
[1975, 1981]
[1975, 1983]
[1982, 1996]
[1982, 2014]
[1983, 1999]
[1983, 2017]
[1985, 1999]
[1985, 2017]
[1985, 2055]
[1986, 1998]
[1986, 2000]
[1986, 2016]
[1986, 2018]
[1986, 2037]
[1996, 2014]
[1997, 2017]
[1999, 2017]
[1999, 2055]
[2000, 2016]
[2000, 2018]
[2000, 2037]
[2001, 2010]
[2001, 2011]
[2001, 2012]
[2002, 2010]
[2002, 2011]
[2002, 2012]
[2003, 2010]
[2003, 2011]
[2003, 2012]
[2004, 2013]
[2005, 2019]
[2007, 2016]
[2007, 2023]
[2008, 2020]
[2008, 2022]
[2009, 2023]
[2017, 2055]
[2018, 2037]
[2019, 2027]
[2020, 2027]
[2021, 2027]
[2033, 2039]
[2033, 2044]
[2034, 2039]
[2034, 2044]
[2035, 2039]
[2035, 2044]
[2051, 2057]
[2051, 2061]
[2052, 2057]
[2052, 2061]
[2053, 2057]
[2053, 2061]
[2069, 2108]
[2069, 2109]
[2069, 2110]
[2069, 2111]
[2069, 2117]
[2069, 2130]
[2069, 2131]
[2069, 2132]
[2069, 2133]
[2069, 2139]
[2069, 2299]
[2070, 2108]
[2070, 2109]
[2070, 2110]
[2070, 2111]
[2070, 2117]
[2070, 2130]
[2070, 2131]
[2070, 2132]
[2070, 2133]
[2070, 2139]
[2070, 2299]
[2071, 2108]
[2071, 2109]
[2071, 2110]
[2071, 2111]
[2071, 2117]
[2071, 2130]
[2071, 2131]
[2071, 2132]
[2071, 2133]
[2071, 2139]
[2071, 2299]
[2072, 2108]
[2072, 2109]
[2072, 2110]
[2072, 2111]
[2072, 2117]
[2072, 2130]
[2072, 2131]
[2072, 2132]
[2072, 2133]
[2072, 2139]
[2072, 2299]
[2074, 2299]
[2075, 2084]
[2078, 2170]
[2078, 2171]
[2078, 2172]
[2078, 2173]
[2078, 2179]
[2078, 2224]
[2078, 2225]
[2078, 2226]
[2078, 2227]
[2078, 2303]
[2079, 2170]
[2079, 2171]
[2079, 2172]
[2079, 2173]
[2079, 2179]
[2079, 2224]
[2079, 2225]
[2079, 2226]
[2079, 2227]
[2079, 2303]
[2080, 2170]
[2080, 2171]
[2080, 2172]
[2080, 2173]
[2080, 2179]
[2080, 2224]
[2080, 2225]
[2080, 2226]
[2080, 2227]
[2080, 2303]
[2081, 2170]
[2081, 2171]
[2081, 2172]
[2081, 2173]
[2081, 2179]
[2081, 2224]
[2081, 2225]
[2081, 2226]
[2081, 2227]
[2081, 2303]
[2083, 2303]
[2084, 2087]
[2086, 2087]
[2091, 2099]
[2095, 2103]
[2108, 2117]
[2108, 2130]
[2108, 2131]
[2108, 2132]
[2108, 2133]
[2108, 2139]
[2108, 2299]
[2109, 2117]
[2109, 2130]
[2109, 2131]
[2109, 2132]
[2109, 2133]
[2109, 2139]
[2109, 2299]
[2110, 2117]
[2110, 2130]
[2110, 2131]
[2110, 2132]
[2110, 2133]
[2110, 2139]
[2110, 2299]
[2111, 2117]
[2111, 2130]
[2111, 2131]
[2111, 2132]
[2111, 2133]
[2111, 2139]
[2111, 2299]
[2112, 2122]
[2112, 2123]
[2112, 2124]
[2112, 2125]
[2113, 2117]
[2113, 2299]
[2114, 2117]
[2114, 2299]
[2116, 2117]
[2116, 2299]
[2117, 2130]
[2117, 2131]
[2117, 2132]
[2117, 2133]
[2117, 2139]
[2117, 2299]
[2121, 2125]
[2130, 2139]
[2130, 2299]
[2131, 2139]
[2131, 2299]
[2132, 2139]
[2132, 2299]
[2133, 2139]
[2133, 2299]
[2135, 2139]
[2135, 2299]
[2136, 2139]
[2136, 2147]
[2136, 2299]
[2138, 2139]
[2138, 2299]
[2139, 2299]
[2140, 2192]
[2140, 2193]
[2140, 2194]
[2140, 2195]
[2140, 2201]
[2140, 2286]
[2140, 2287]
[2140, 2288]
[2140, 2289]
[2141, 2192]
[2141, 2193]
[2141, 2194]
[2141, 2195]
[2141, 2201]
[2141, 2286]
[2141, 2287]
[2141, 2288]
[2141, 2289]
[2142, 2192]
[2142, 2193]
[2142, 2194]
[2142, 2195]
[2142, 2201]
[2142, 2286]
[2142, 2287]
[2142, 2288]
[2142, 2289]
[2143, 2192]
[2143, 2193]
[2143, 2194]
[2143, 2195]
[2143, 2201]
[2143, 2286]
[2143, 2287]
[2143, 2288]
[2143, 2289]
[2147, 2149]
[2148, 2149]
[2149, 2237]
[2153, 2154]
[2153, 2161]
[2153, 2162]
[2153, 2214]
[2153, 2215]
[2153, 2216]
[2153, 2217]
[2153, 2219]
[2153, 2254]
[2153, 2255]
[2153, 2256]
[2153, 2257]
[2153, 2259]
[2153, 2261]
[2153, 2262]
[2153, 2276]
[2153, 2277]
[2153, 2278]
[2153, 2279]
[2153, 2281]
[2153, 2283]
[2153, 2284]
[2157, 2165]
[2158, 2303]
[2170, 2179]
[2170, 2224]
[2170, 2225]
[2170, 2226]
[2170, 2227]
[2170, 2303]
[2171, 2179]
[2171, 2224]
[2171, 2225]
[2171, 2226]
[2171, 2227]
[2171, 2303]
[2172, 2179]
[2172, 2224]
[2172, 2225]
[2172, 2226]
[2172, 2227]
[2172, 2303]
[2173, 2179]
[2173, 2224]
[2173, 2225]
[2173, 2226]
[2173, 2227]
[2173, 2303]
[2174, 2184]
[2174, 2185]
[2174, 2186]
[2174, 2187]
[2175, 2179]
[2175, 2303]
[2176, 2179]
[2176, 2303]
[2178, 2179]
[2178, 2303]
[2179, 2224]
[2179, 2225]
[2179, 2226]
[2179, 2227]
[2179, 2303]
[2183, 2187]
[2192, 2201]
[2192, 2286]
[2192, 2287]
[2192, 2288]
[2192, 2289]
[2193, 2201]
[2193, 2286]
[2193, 2287]
[2193, 2288]
[2193, 2289]
[2194, 2201]
[2194, 2286]
[2194, 2287]
[2194, 2288]
[2194, 2289]
[2195, 2201]
[2195, 2286]
[2195, 2287]
[2195, 2288]
[2195, 2289]
[2196, 2206]
[2196, 2207]
[2196, 2208]
[2197, 2201]
[2199, 2201]
[2200, 2201]
[2201, 2286]
[2201, 2287]
[2201, 2288]
[2201, 2289]
[2205, 2209]
[2206, 2303]
[2214, 2223]
[2214, 2254]
[2214, 2255]
[2214, 2256]
[2214, 2257]
[2214, 2263]
[2214, 2276]
[2214, 2277]
[2214, 2278]
[2214, 2279]
[2214, 2285]
[2215, 2223]
[2215, 2254]
[2215, 2255]
[2215, 2256]
[2215, 2257]
[2215, 2263]
[2215, 2276]
[2215, 2277]
[2215, 2278]
[2215, 2279]
[2215, 2285]
[2216, 2223]
[2216, 2254]
[2216, 2255]
[2216, 2256]
[2216, 2257]
[2216, 2263]
[2216, 2276]
[2216, 2277]
[2216, 2278]
[2216, 2279]
[2216, 2285]
[2217, 2223]
[2217, 2254]
[2217, 2255]
[2217, 2256]
[2217, 2257]
[2217, 2263]
[2217, 2276]
[2217, 2277]
[2217, 2278]
[2217, 2279]
[2217, 2285]
[2219, 2223]
[2221, 2223]
[2221, 2230]
[2222, 2223]
[2223, 2254]
[2223, 2255]
[2223, 2256]
[2223, 2257]
[2223, 2263]
[2223, 2276]
[2223, 2277]
[2223, 2278]
[2223, 2279]
[2223, 2285]
[2224, 2303]
[2225, 2303]
[2226, 2303]
[2227, 2303]
[2229, 2303]
[2230, 2233]
[2230, 2303]
[2232, 2233]
[2232, 2303]
[2237, 2245]
[2241, 2249]
[2246, 2299]
[2254, 2263]
[2254, 2276]
[2254, 2277]
[2254, 2278]
[2254, 2279]
[2254, 2285]
[2255, 2263]
[2255, 2276]
[2255, 2277]
[2255, 2278]
[2255, 2279]
[2255, 2285]
[2256, 2263]
[2256, 2276]
[2256, 2277]
[2256, 2278]
[2256, 2279]
[2256, 2285]
[2257, 2263]
[2257, 2276]
[2257, 2277]
[2257, 2278]
[2257, 2279]
[2257, 2285]
[2258, 2268]
[2258, 2269]
[2258, 2270]
[2259, 2263]
[2261, 2263]
[2262, 2263]
[2263, 2276]
[2263, 2277]
[2263, 2278]
[2263, 2279]
[2263, 2285]
[2267, 2271]
[2268, 2299]
[2276, 2285]
[2277, 2285]
[2278, 2285]
[2279, 2285]
[2281, 2285]
[2283, 2285]
[2283, 2293]
[2284, 2285]
[2293, 2295]
[2294, 2295]
[2299, 2300]
[2299, 2307]
[2299, 2308]
[2312, 2314]
[2350, 2358]
[2350, 2359]
[2350, 2360]
[2350, 2362]
[2350, 2363]
[2350, 2364]
[2351, 2358]
[2351, 2359]
[2351, 2360]
[2351, 2362]
[2351, 2363]
[2351, 2364]
[2352, 2360]
[2354, 2358]
[2354, 2359]
[2354, 2360]
[2354, 2362]
[2354, 2363]
[2354, 2364]
[2355, 2358]
[2355, 2359]
[2355, 2360]
[2355, 2362]
[2355, 2363]
[2355, 2364]
[2356, 2364]
[2369, 2378]
[2370, 2378]
[2371, 2378]
[2372, 2378]
[2374, 2378]
[2375, 2378]
[2377, 2378]
[2379, 2459]
[2379, 2460]
[2379, 2461]
[2379, 2462]
[2380, 2459]
[2380, 2460]
[2380, 2461]
[2380, 2462]
[2381, 2459]
[2381, 2460]
[2381, 2461]
[2381, 2462]
[2382, 2459]
[2382, 2460]
[2382, 2461]
[2382, 2462]
[2390, 2398]
[2390, 2399]
[2390, 2400]
[2390, 2402]
[2390, 2403]
[2390, 2404]
[2391, 2398]
[2391, 2399]
[2391, 2400]
[2391, 2402]
[2391, 2403]
[2391, 2404]
[2392, 2400]
[2394, 2402]
[2394, 2403]
[2395, 2402]
[2395, 2403]
[2396, 2404]
[2409, 2449]
[2409, 2450]
[2409, 2451]
[2409, 2452]
[2409, 2458]
[2410, 2449]
[2410, 2450]
[2410, 2451]
[2410, 2452]
[2410, 2458]
[2411, 2449]
[2411, 2450]
[2411, 2451]
[2411, 2452]
[2411, 2458]
[2412, 2449]
[2412, 2450]
[2412, 2451]
[2412, 2452]
[2412, 2458]
[2416, 2425]
[2418, 2449]
[2418, 2450]
[2418, 2451]
[2418, 2452]
[2418, 2458]
[2430, 2438]
[2430, 2439]
[2430, 2440]
[2430, 2442]
[2430, 2443]
[2430, 2444]
[2431, 2438]
[2431, 2439]
[2431, 2440]
[2431, 2442]
[2431, 2443]
[2431, 2444]
[2432, 2438]
[2432, 2439]
[2432, 2440]
[2432, 2442]
[2432, 2443]
[2432, 2444]
[2434, 2438]
[2434, 2439]
[2434, 2440]
[2434, 2442]
[2434, 2443]
[2434, 2444]
[2435, 2438]
[2435, 2439]
[2435, 2440]
[2435, 2442]
[2435, 2443]
[2435, 2444]
[2436, 2438]
[2436, 2439]
[2436, 2440]
[2436, 2442]
[2436, 2443]
[2436, 2444]
[2456, 2466]
[2470, 2478]
[2470, 2479]
[2470, 2480]
[2470, 2482]
[2470, 2483]
[2470, 2484]
[2471, 2478]
[2471, 2479]
[2471, 2480]
[2471, 2482]
[2471, 2483]
[2471, 2484]
[2472, 2478]
[2472, 2479]
[2472, 2480]
[2472, 2482]
[2472, 2483]
[2472, 2484]
[2474, 2478]
[2474, 2479]
[2474, 2480]
[2474, 2482]
[2474, 2483]
[2474, 2484]
[2475, 2478]
[2475, 2479]
[2475, 2480]
[2475, 2482]
[2475, 2483]
[2475, 2484]
[2492, 2501]
[2492, 2502]
[2492, 2504]
[2492, 2506]
[2492, 2507]
[2492, 2508]
[2492, 2509]
[2492, 2510]
[2492, 2511]
[2492, 2512]
[2492, 2513]
[2492, 2514]
[2492, 2515]
[2492, 2516]
[2492, 2517]
[2492, 2519]
[2492, 2521]
[2492, 2522]
[2492, 2523]
[2492, 2524]
[2492, 2525]
[2492, 2526]
[2492, 2527]
[2492, 2528]
[2492, 2529]
[2492, 2530]
[2492, 2531]
[2492, 2536]
[2492, 2542]
[2494, 2498]
[2495, 2497]
[2496, 2499]
[2501, 2502]
[2501, 2504]
[2501, 2506]
[2501, 2531]
[2502, 2531]
[2504, 2531]
[2506, 2531]
[2507, 2531]
[2508, 2531]
[2509, 2531]
[2510, 2531]
[2511, 2531]
[2512, 2531]
[2513, 2531]
[2514, 2531]
[2515, 2531]
[2516, 2517]
[2516, 2519]
[2516, 2521]
[2516, 2531]
[2517, 2531]
[2519, 2531]
[2521, 2531]
[2522, 2531]
[2523, 2531]
[2524, 2531]
[2525, 2531]
[2526, 2531]
[2527, 2531]
[2528, 2531]
[2529, 2531]
[2530, 2531]
[2553, 2554]
[2553, 2556]
[2553, 2558]
[2560, 2561]
[2560, 2563]
[2560, 2565]
[2584, 2587]
[2584, 2750]
[2587, 2750]
[2600, 2603]
[2600, 2618]
[2603, 2618]
[2615, 2616]
[2623, 2624]
[2628, 2760]
[2628, 2763]
[2628, 2764]
[2628, 2767]
[2628, 2776]
[2628, 2819]
[2628, 2823]
[2629, 2756]
[2629, 2757]
[2629, 2758]
[2648, 2654]
[2648, 2655]
[2648, 2656]
[2648, 2657]
[2648, 2658]
[2648, 2659]
[2648, 2660]
[2648, 2661]
[2648, 2662]
[2648, 2663]
[2648, 2664]
[2648, 2672]
[2648, 2675]
[2651, 2673]
[2651, 2674]
[2651, 2676]
[2658, 2663]
[2658, 2664]
[2658, 2672]
[2659, 2663]
[2659, 2664]
[2659, 2672]
[2663, 2672]
[2664, 2672]
[2682, 2687]
[2682, 2688]
[2682, 2695]
[2682, 2698]
[2687, 2695]
[2687, 2698]
[2707, 2721]
[2710, 2712]
[2710, 2713]
[2711, 2712]
[2711, 2713]
[2712, 2717]
[2712, 2720]
[2713, 2717]
[2713, 2720]
[2714, 2720]
[2715, 2717]
[2723, 2728]
[2723, 2729]
[2723, 2731]
[2725, 2728]
[2725, 2729]
[2725, 2731]
[2727, 2728]
[2727, 2729]
[2727, 2731]
[2728, 2733]
[2728, 2735]
[2729, 2733]
[2729, 2735]
[2730, 2733]
[2730, 2735]
[2733, 2735]
[2737, 2746]
[2738, 2739]
[2742, 2743]
[2776, 2819]
[2779, 2789]
[2779, 2790]
[2779, 2791]
[2779, 2792]
[2779, 2793]
[2779, 2794]
[2779, 2795]
[2780, 2789]
[2780, 2790]
[2780, 2791]
[2780, 2792]
[2780, 2793]
[2780, 2794]
[2780, 2795]
[2781, 2789]
[2781, 2790]
[2781, 2791]
[2781, 2792]
[2781, 2793]
[2781, 2794]
[2781, 2795]
[2782, 2789]
[2782, 2790]
[2782, 2791]
[2782, 2792]
[2782, 2793]
[2782, 2794]
[2782, 2795]
[2783, 2788]
[2783, 2790]
[2783, 2791]
[2783, 2792]
[2784, 2789]
[2784, 2790]
[2784, 2791]
[2784, 2792]
[2784, 2793]
[2784, 2794]
[2784, 2795]
[2785, 2790]
[2785, 2791]
[2785, 2792]
[2799, 2809]
[2799, 2810]
[2799, 2811]
[2799, 2812]
[2799, 2813]
[2799, 2814]
[2799, 2815]
[2800, 2809]
[2800, 2810]
[2800, 2811]
[2800, 2812]
[2800, 2813]
[2800, 2814]
[2800, 2815]
[2801, 2809]
[2801, 2810]
[2801, 2811]
[2801, 2812]
[2801, 2813]
[2801, 2814]
[2801, 2815]
[2802, 2809]
[2802, 2810]
[2802, 2811]
[2802, 2812]
[2802, 2814]
[2803, 2809]
[2803, 2810]
[2803, 2811]
[2803, 2812]
[2803, 2814]
[2804, 2809]
[2804, 2810]
[2804, 2811]
[2804, 2812]
[2804, 2814]
[2805, 2809]
[2805, 2810]
[2805, 2811]
[2805, 2812]
[2805, 2813]
[2805, 2814]
[2805, 2815]
[2833, 2837]
[2837, 3152]
[2837, 3154]
[2837, 3156]
[2837, 3751]
[2838, 3152]
[2838, 3154]
[2838, 3156]
[2838, 3751]
[2861, 2869]
[2861, 2870]
[2862, 2869]
[2862, 2870]
[2863, 2871]
[2865, 2873]
[2865, 2874]
[2866, 2873]
[2866, 2874]
[2892, 2910]
[2900, 2904]
[2905, 2908]
[2905, 2909]
[2933, 2941]
[2933, 2942]
[2934, 2941]
[2934, 2942]
[2935, 2943]
[2937, 2945]
[2937, 2946]
[2938, 2945]
[2938, 2946]
[2939, 2947]
[2964, 2973]
[2964, 2974]
[2964, 2975]
[2964, 2976]
[2977, 2980]
[2977, 2981]
[2992, 3001]
[2992, 3002]
[2992, 3003]
[2992, 3004]
[3000, 3004]
[3005, 3008]
[3005, 3009]
[3026, 3057]
[3033, 3041]
[3033, 3042]
[3034, 3041]
[3034, 3042]
[3035, 3043]
[3037, 3045]
[3037, 3046]
[3038, 3045]
[3038, 3046]
[3039, 3047]
[3064, 3073]
[3064, 3074]
[3064, 3075]
[3064, 3076]
[3072, 3076]
[3077, 3080]
[3077, 3081]
[3105, 3113]
[3105, 3114]
[3106, 3113]
[3106, 3114]
[3107, 3115]
[3109, 3117]
[3109, 3118]
[3110, 3117]
[3110, 3118]
[3111, 3119]
[3141, 3149]
[3141, 3150]
[3141, 3754]
[3141, 3755]
[3141, 3756]
[3141, 3757]
[3141, 3759]
[3141, 3761]
[3141, 3763]
[3142, 3149]
[3142, 3150]
[3142, 3755]
[3142, 3756]
[3142, 3757]
[3142, 3759]
[3142, 3761]
[3142, 3763]
[3143, 3149]
[3143, 3150]
[3143, 3754]
[3143, 3755]
[3143, 3756]
[3143, 3757]
[3143, 3759]
[3143, 3761]
[3143, 3763]
[3144, 3149]
[3144, 3150]
[3144, 3755]
[3144, 3756]
[3144, 3757]
[3144, 3759]
[3144, 3761]
[3144, 3763]
[3149, 3755]
[3149, 3756]
[3149, 3757]
[3149, 3759]
[3149, 3761]
[3149, 3763]
[3150, 3754]
[3150, 3755]
[3150, 3756]
[3150, 3757]
[3150, 3759]
[3150, 3761]
[3150, 3763]
[3151, 3754]
[3151, 3755]
[3151, 3756]
[3151, 3757]
[3151, 3759]
[3151, 3761]
[3151, 3763]
[3157, 3160]
[3157, 3161]
[3157, 3200]
[3157, 3204]
[3157, 3205]
[3157, 3211]
[3157, 3213]
[3157, 3214]
[3158, 3160]
[3158, 3161]
[3158, 3200]
[3158, 3204]
[3158, 3205]
[3160, 3208]
[3160, 3213]
[3161, 3208]
[3161, 3213]
[3162, 3171]
[3162, 3172]
[3162, 3173]
[3162, 3174]
[3162, 3175]
[3162, 3176]
[3162, 3177]
[3163, 3171]
[3163, 3172]
[3163, 3173]
[3163, 3174]
[3163, 3175]
[3163, 3176]
[3163, 3177]
[3164, 3171]
[3164, 3172]
[3164, 3173]
[3164, 3174]
[3164, 3175]
[3164, 3176]
[3164, 3177]
[3165, 3171]
[3165, 3172]
[3165, 3173]
[3165, 3174]
[3165, 3176]
[3166, 3171]
[3166, 3172]
[3166, 3173]
[3166, 3174]
[3166, 3176]
[3167, 3171]
[3167, 3172]
[3167, 3173]
[3167, 3174]
[3167, 3175]
[3167, 3176]
[3167, 3177]
[3168, 3171]
[3168, 3172]
[3168, 3173]
[3168, 3174]
[3168, 3176]
[3180, 3189]
[3180, 3190]
[3180, 3191]
[3180, 3192]
[3180, 3193]
[3180, 3194]
[3180, 3195]
[3181, 3189]
[3181, 3190]
[3181, 3191]
[3181, 3192]
[3181, 3193]
[3181, 3194]
[3181, 3195]
[3182, 3189]
[3182, 3190]
[3182, 3191]
[3182, 3192]
[3182, 3193]
[3182, 3194]
[3182, 3195]
[3183, 3189]
[3183, 3190]
[3183, 3191]
[3183, 3192]
[3183, 3193]
[3183, 3194]
[3183, 3195]
[3184, 3189]
[3184, 3190]
[3184, 3191]
[3184, 3192]
[3184, 3194]
[3185, 3189]
[3185, 3190]
[3185, 3191]
[3185, 3192]
[3185, 3193]
[3185, 3194]
[3185, 3195]
[3186, 3189]
[3186, 3190]
[3186, 3191]
[3186, 3192]
[3186, 3194]
[3200, 3208]
[3200, 3213]
[3204, 3208]
[3204, 3213]
[3205, 3208]
[3205, 3213]
[3208, 3211]
[3208, 3213]
[3208, 3214]
[3225, 3244]
[3236, 3244]
[3240, 3244]
[3241, 3244]
[3253, 3296]
[3253, 3300]
[3256, 3304]
[3256, 3309]
[3257, 3304]
[3257, 3309]
[3258, 3267]
[3258, 3268]
[3258, 3269]
[3258, 3270]
[3258, 3271]
[3258, 3272]
[3258, 3273]
[3259, 3267]
[3259, 3268]
[3259, 3269]
[3259, 3270]
[3259, 3271]
[3259, 3272]
[3259, 3273]
[3260, 3267]
[3260, 3268]
[3260, 3269]
[3260, 3270]
[3260, 3271]
[3260, 3272]
[3260, 3273]
[3261, 3267]
[3261, 3268]
[3261, 3269]
[3261, 3270]
[3261, 3271]
[3261, 3272]
[3261, 3273]
[3262, 3267]
[3262, 3268]
[3262, 3269]
[3262, 3270]
[3262, 3273]
[3263, 3267]
[3263, 3268]
[3263, 3269]
[3263, 3270]
[3263, 3271]
[3263, 3272]
[3263, 3273]
[3264, 3267]
[3264, 3268]
[3264, 3269]
[3264, 3270]
[3264, 3273]
[3276, 3285]
[3276, 3286]
[3276, 3287]
[3276, 3288]
[3276, 3289]
[3276, 3290]
[3276, 3291]
[3277, 3285]
[3277, 3286]
[3277, 3287]
[3277, 3288]
[3277, 3289]
[3277, 3290]
[3277, 3291]
[3278, 3285]
[3278, 3286]
[3278, 3287]
[3278, 3288]
[3278, 3289]
[3278, 3290]
[3278, 3291]
[3279, 3285]
[3279, 3286]
[3279, 3287]
[3279, 3288]
[3279, 3289]
[3279, 3290]
[3279, 3291]
[3280, 3285]
[3280, 3286]
[3280, 3287]
[3280, 3288]
[3280, 3289]
[3280, 3290]
[3280, 3291]
[3281, 3285]
[3281, 3286]
[3281, 3287]
[3281, 3288]
[3281, 3289]
[3281, 3290]
[3281, 3291]
[3282, 3285]
[3282, 3286]
[3282, 3287]
[3282, 3288]
[3282, 3289]
[3282, 3290]
[3282, 3291]
[3296, 3304]
[3296, 3309]
[3300, 3304]
[3300, 3309]
[3301, 3304]
[3301, 3309]
[3304, 3307]
[3304, 3309]
[3304, 3311]
[3321, 3340]
[3332, 3340]
[3336, 3340]
[3337, 3340]
[3352, 3371]
[3363, 3371]
[3367, 3371]
[3368, 3371]
[3383, 3431]
[3383, 3436]
[3384, 3423]
[3384, 3431]
[3384, 3436]
[3385, 3394]
[3385, 3395]
[3385, 3396]
[3385, 3397]
[3385, 3398]
[3385, 3399]
[3385, 3400]
[3386, 3394]
[3386, 3395]
[3386, 3396]
[3386, 3397]
[3386, 3398]
[3386, 3399]
[3386, 3400]
[3387, 3394]
[3387, 3395]
[3387, 3396]
[3387, 3397]
[3387, 3398]
[3387, 3399]
[3387, 3400]
[3388, 3394]
[3388, 3395]
[3388, 3396]
[3388, 3397]
[3388, 3398]
[3388, 3399]
[3388, 3400]
[3389, 3394]
[3389, 3395]
[3389, 3396]
[3389, 3397]
[3389, 3399]
[3390, 3394]
[3390, 3395]
[3390, 3396]
[3390, 3397]
[3390, 3399]
[3391, 3394]
[3391, 3395]
[3391, 3396]
[3391, 3397]
[3391, 3398]
[3391, 3399]
[3391, 3400]
[3403, 3412]
[3403, 3413]
[3403, 3414]
[3403, 3416]
[3403, 3417]
[3403, 3418]
[3404, 3412]
[3404, 3413]
[3404, 3414]
[3404, 3416]
[3404, 3417]
[3404, 3418]
[3405, 3412]
[3405, 3413]
[3405, 3414]
[3405, 3416]
[3405, 3417]
[3405, 3418]
[3406, 3412]
[3406, 3413]
[3406, 3414]
[3406, 3416]
[3406, 3417]
[3406, 3418]
[3407, 3412]
[3407, 3413]
[3407, 3414]
[3407, 3417]
[3408, 3412]
[3408, 3413]
[3408, 3414]
[3408, 3417]
[3409, 3412]
[3409, 3413]
[3409, 3414]
[3409, 3416]
[3409, 3417]
[3409, 3418]
[3423, 3431]
[3423, 3436]
[3427, 3431]
[3427, 3436]
[3428, 3431]
[3428, 3436]
[3431, 3434]
[3431, 3436]
[3431, 3437]
[3448, 3467]
[3459, 3467]
[3463, 3467]
[3464, 3467]
[3476, 3519]
[3476, 3523]
[3479, 3527]
[3479, 3532]
[3480, 3527]
[3480, 3532]
[3481, 3490]
[3481, 3491]
[3481, 3492]
[3481, 3493]
[3481, 3494]
[3481, 3495]
[3481, 3496]
[3482, 3490]
[3482, 3491]
[3482, 3492]
[3482, 3493]
[3482, 3494]
[3482, 3495]
[3482, 3496]
[3483, 3490]
[3483, 3491]
[3483, 3492]
[3483, 3493]
[3483, 3494]
[3483, 3495]
[3483, 3496]
[3484, 3490]
[3484, 3491]
[3484, 3492]
[3484, 3493]
[3484, 3494]
[3484, 3495]
[3484, 3496]
[3485, 3490]
[3485, 3491]
[3485, 3492]
[3485, 3493]
[3485, 3496]
[3486, 3490]
[3486, 3491]
[3486, 3492]
[3486, 3493]
[3486, 3496]
[3487, 3490]
[3487, 3491]
[3487, 3492]
[3487, 3493]
[3487, 3494]
[3487, 3495]
[3487, 3496]
[3499, 3508]
[3499, 3509]
[3499, 3510]
[3499, 3511]
[3499, 3512]
[3499, 3513]
[3499, 3514]
[3500, 3508]
[3500, 3509]
[3500, 3510]
[3500, 3511]
[3500, 3512]
[3500, 3513]
[3500, 3514]
[3501, 3508]
[3501, 3509]
[3501, 3510]
[3501, 3511]
[3501, 3512]
[3501, 3513]
[3501, 3514]
[3502, 3508]
[3502, 3509]
[3502, 3510]
[3502, 3511]
[3502, 3512]
[3502, 3513]
[3502, 3514]
[3505, 3508]
[3505, 3509]
[3505, 3510]
[3505, 3511]
[3505, 3512]
[3505, 3513]
[3505, 3514]
[3519, 3527]
[3519, 3532]
[3523, 3527]
[3523, 3532]
[3524, 3527]
[3524, 3532]
[3527, 3530]
[3527, 3532]
[3527, 3534]
[3541, 3556]
[3541, 3559]
[3542, 3556]
[3542, 3559]
[3543, 3556]
[3543, 3559]
[3544, 3556]
[3544, 3559]
[3545, 3556]
[3545, 3559]
[3566, 3581]
[3566, 3584]
[3571, 3576]
[3591, 3606]
[3591, 3609]
[3592, 3606]
[3592, 3609]
[3593, 3606]
[3593, 3609]
[3594, 3606]
[3594, 3609]
[3595, 3606]
[3595, 3609]
[3596, 3601]
[3616, 3631]
[3616, 3634]
[3617, 3631]
[3617, 3634]
[3618, 3631]
[3618, 3634]
[3619, 3631]
[3619, 3634]
[3620, 3631]
[3620, 3634]
[3641, 3656]
[3641, 3659]
[3643, 3656]
[3643, 3659]
[3644, 3656]
[3644, 3659]
[3645, 3656]
[3645, 3659]
[3666, 3681]
[3667, 3681]
[3667, 3684]
[3668, 3681]
[3668, 3684]
[3669, 3681]
[3669, 3684]
[3670, 3681]
[3670, 3684]
[3692, 3706]
[3692, 3709]
[3693, 3706]
[3693, 3709]
[3694, 3706]
[3694, 3709]
[3695, 3706]
[3695, 3709]
[3696, 3701]
[3711, 3716]
[3711, 3717]
[3711, 3718]
[3711, 3719]
[3711, 3720]
[3711, 3724]
[3711, 3725]
[3711, 3728]
[3711, 3730]
[3711, 3731]
[3711, 3734]
[3711, 3735]
[3713, 3716]
[3713, 3717]
[3713, 3718]
[3713, 3719]
[3713, 3720]
[3713, 3724]
[3713, 3725]
[3713, 3728]
[3713, 3730]
[3713, 3731]
[3713, 3734]
[3713, 3735]
[3715, 3716]
[3715, 3717]
[3715, 3718]
[3715, 3719]
[3715, 3720]
[3715, 3724]
[3715, 3725]
[3715, 3728]
[3715, 3730]
[3715, 3731]
[3715, 3734]
[3715, 3735]
[3717, 3731]
[3717, 3734]
[3755, 3757]
[3755, 3759]
[3755, 3761]
[3756, 3757]
[3756, 3759]
[3756, 3761]
[3764, 3769]
[3765, 3769]
[3766, 3769]
[3771, 4028]
[3771, 4031]
[3771, 4032]
[3771, 4033]
[3771, 4034]
[3771, 4036]
[3771, 4038]
[3771, 4039]
[3771, 4042]
[3771, 4043]
[3772, 4002]
[3772, 4003]
[3779, 3943]
[3779, 3944]
[3779, 3946]
[3779, 3967]
[3779, 3968]
[3780, 3859]
[3780, 3860]
[3780, 3862]
[3780, 3883]
[3780, 3884]
[3784, 3787]
[3784, 3815]
[3785, 3935]
[3785, 3936]
[3786, 3815]
[3786, 3820]
[3786, 3945]
[3786, 3948]
[3786, 3949]
[3786, 3950]
[3786, 3951]
[3786, 3953]
[3786, 3956]
[3786, 3958]
[3786, 3960]
[3786, 3962]
[3786, 3963]
[3786, 3964]
[3786, 3965]
[3786, 3966]
[3786, 3970]
[3787, 4010]
[3787, 4013]
[3787, 4014]
[3787, 4015]
[3787, 4017]
[3787, 4019]
[3787, 4020]
[3787, 4021]
[3787, 4025]
[3788, 3984]
[3788, 3985]
[3793, 3799]
[3793, 3992]
[3793, 3995]
[3793, 3996]
[3793, 3997]
[3793, 3999]
[3793, 4001]
[3793, 4002]
[3793, 4003]
[3793, 4007]
[3795, 3992]
[3795, 3995]
[3795, 3996]
[3795, 3997]
[3795, 3999]
[3795, 4001]
[3795, 4002]
[3795, 4003]
[3795, 4007]
[3797, 3992]
[3797, 3995]
[3797, 3996]
[3797, 3997]
[3797, 3999]
[3797, 4001]
[3797, 4002]
[3797, 4003]
[3797, 4007]
[3801, 3915]
[3801, 3916]
[3801, 3918]
[3801, 3939]
[3801, 3940]
[3802, 3887]
[3802, 3888]
[3802, 3890]
[3802, 3911]
[3802, 3912]
[3804, 3809]
[3805, 3809]
[3806, 3809]
[3807, 3832]
[3807, 3836]
[3807, 3837]
[3807, 3842]
[3807, 3844]
[3807, 3845]
[3807, 3889]
[3807, 3892]
[3807, 3893]
[3807, 3894]
[3807, 3896]
[3807, 3898]
[3807, 3900]
[3807, 3901]
[3807, 3903]
[3807, 3906]
[3807, 3907]
[3807, 3908]
[3807, 3909]
[3807, 3910]
[3807, 3913]
[3807, 3914]
[3808, 3879]
[3808, 3880]
[3809, 3974]
[3809, 3977]
[3809, 3978]
[3809, 3979]
[3809, 3980]
[3809, 3982]
[3809, 3984]
[3809, 3985]
[3809, 3988]
[3809, 3989]
[3811, 3974]
[3811, 3977]
[3811, 3978]
[3811, 3979]
[3811, 3980]
[3811, 3982]
[3811, 3984]
[3811, 3985]
[3811, 3988]
[3811, 3989]
[3812, 3974]
[3812, 3977]
[3812, 3978]
[3812, 3979]
[3812, 3980]
[3812, 3982]
[3812, 3984]
[3812, 3985]
[3812, 3988]
[3812, 3989]
[3815, 3820]
[3815, 3822]
[3815, 3824]
[3815, 3945]
[3815, 3948]
[3815, 3949]
[3815, 3950]
[3815, 3951]
[3815, 3953]
[3815, 3956]
[3815, 3958]
[3815, 3960]
[3815, 3965]
[3815, 3970]
[3816, 3826]
[3816, 3828]
[3816, 3830]
[3816, 3831]
[3816, 3917]
[3816, 3920]
[3816, 3921]
[3816, 3922]
[3816, 3924]
[3816, 3926]
[3816, 3928]
[3816, 3930]
[3816, 3932]
[3816, 3934]
[3816, 3935]
[3816, 3936]
[3816, 3937]
[3816, 3938]
[3816, 3942]
[3817, 3820]
[3818, 3820]
[3820, 3945]
[3820, 3948]
[3820, 3949]
[3820, 3950]
[3820, 3951]
[3820, 3953]
[3820, 3956]
[3820, 3958]
[3820, 3960]
[3820, 3965]
[3820, 3970]
[3821, 3882]
[3826, 3831]
[3826, 3833]
[3826, 3835]
[3826, 3917]
[3826, 3920]
[3826, 3921]
[3826, 3922]
[3826, 3924]
[3826, 3926]
[3826, 3928]
[3826, 3930]
[3826, 3932]
[3826, 3934]
[3826, 3935]
[3826, 3936]
[3826, 3937]
[3826, 3938]
[3826, 3942]
[3828, 3831]
[3828, 3917]
[3828, 3920]
[3828, 3921]
[3828, 3922]
[3828, 3924]
[3828, 3926]
[3828, 3928]
[3828, 3930]
[3828, 3932]
[3828, 3934]
[3828, 3935]
[3828, 3936]
[3828, 3937]
[3828, 3938]
[3828, 3942]
[3830, 3831]
[3830, 3917]
[3830, 3920]
[3830, 3921]
[3830, 3922]
[3830, 3924]
[3830, 3926]
[3830, 3928]
[3830, 3930]
[3830, 3932]
[3830, 3934]
[3830, 3935]
[3830, 3936]
[3830, 3937]
[3830, 3938]
[3830, 3942]
[3831, 3917]
[3831, 3920]
[3831, 3921]
[3831, 3922]
[3831, 3924]
[3831, 3926]
[3831, 3928]
[3831, 3930]
[3831, 3932]
[3831, 3934]
[3831, 3935]
[3831, 3936]
[3831, 3937]
[3831, 3938]
[3831, 3942]
[3832, 3837]
[3832, 3842]
[3832, 3844]
[3832, 3845]
[3832, 3889]
[3832, 3892]
[3832, 3893]
[3832, 3894]
[3832, 3896]
[3832, 3898]
[3832, 3900]
[3832, 3901]
[3832, 3903]
[3832, 3906]
[3832, 3907]
[3832, 3908]
[3832, 3909]
[3832, 3910]
[3832, 3913]
[3832, 3914]
[3833, 3938]
[3835, 3938]
[3836, 3837]
[3836, 3842]
[3836, 3844]
[3836, 3845]
[3836, 3889]
[3836, 3892]
[3836, 3893]
[3836, 3894]
[3836, 3896]
[3836, 3898]
[3836, 3900]
[3836, 3901]
[3836, 3903]
[3836, 3906]
[3836, 3907]
[3836, 3908]
[3836, 3909]
[3836, 3910]
[3836, 3913]
[3836, 3914]
[3837, 3842]
[3837, 3844]
[3837, 3845]
[3837, 3889]
[3837, 3892]
[3837, 3893]
[3837, 3894]
[3837, 3896]
[3837, 3898]
[3837, 3900]
[3837, 3901]
[3837, 3903]
[3837, 3906]
[3837, 3907]
[3837, 3908]
[3837, 3909]
[3837, 3910]
[3837, 3913]
[3837, 3914]
[3838, 3848]
[3838, 3850]
[3838, 3851]
[3838, 3853]
[3838, 3855]
[3838, 3856]
[3838, 3861]
[3838, 3864]
[3838, 3865]
[3838, 3866]
[3838, 3867]
[3838, 3869]
[3838, 3872]
[3838, 3873]
[3838, 3875]
[3838, 3878]
[3838, 3879]
[3838, 3880]
[3838, 3881]
[3838, 3882]
[3838, 3885]
[3838, 3886]
[3839, 3842]
[3839, 3844]
[3839, 3845]
[3839, 3906]
[3841, 3842]
[3841, 3844]
[3841, 3845]
[3841, 3906]
[3842, 3889]
[3842, 3892]
[3842, 3893]
[3842, 3894]
[3842, 3896]
[3842, 3898]
[3842, 3900]
[3842, 3901]
[3842, 3903]
[3842, 3906]
[3842, 3907]
[3842, 3908]
[3842, 3909]
[3842, 3910]
[3842, 3913]
[3842, 3914]
[3844, 3889]
[3844, 3892]
[3844, 3893]
[3844, 3894]
[3844, 3896]
[3844, 3898]
[3844, 3900]
[3844, 3901]
[3844, 3903]
[3844, 3906]
[3844, 3907]
[3844, 3908]
[3844, 3909]
[3844, 3910]
[3844, 3913]
[3844, 3914]
[3845, 3889]
[3845, 3892]
[3845, 3893]
[3845, 3894]
[3845, 3896]
[3845, 3898]
[3845, 3900]
[3845, 3901]
[3845, 3903]
[3845, 3906]
[3845, 3907]
[3845, 3908]
[3845, 3909]
[3845, 3910]
[3845, 3913]
[3845, 3914]
[3847, 3848]
[3847, 3850]
[3847, 3851]
[3847, 3853]
[3847, 3855]
[3847, 3856]
[3847, 3861]
[3847, 3864]
[3847, 3865]
[3847, 3866]
[3847, 3867]
[3847, 3869]
[3847, 3872]
[3847, 3873]
[3847, 3875]
[3847, 3878]
[3847, 3879]
[3847, 3880]
[3847, 3881]
[3847, 3882]
[3847, 3885]
[3847, 3886]
[3848, 3853]
[3848, 3855]
[3848, 3856]
[3848, 3861]
[3848, 3864]
[3848, 3865]
[3848, 3866]
[3848, 3867]
[3848, 3869]
[3848, 3872]
[3848, 3873]
[3848, 3875]
[3848, 3878]
[3848, 3879]
[3848, 3880]
[3848, 3881]
[3848, 3882]
[3848, 3885]
[3848, 3886]
[3850, 3853]
[3850, 3855]
[3850, 3856]
[3850, 3861]
[3850, 3864]
[3850, 3865]
[3850, 3866]
[3850, 3867]
[3850, 3869]
[3850, 3872]
[3850, 3873]
[3850, 3875]
[3850, 3878]
[3850, 3879]
[3850, 3880]
[3850, 3881]
[3850, 3882]
[3850, 3885]
[3850, 3886]
[3851, 3853]
[3851, 3855]
[3851, 3856]
[3851, 3861]
[3851, 3864]
[3851, 3865]
[3851, 3866]
[3851, 3867]
[3851, 3869]
[3851, 3872]
[3851, 3873]
[3851, 3875]
[3851, 3878]
[3851, 3879]
[3851, 3880]
[3851, 3881]
[3851, 3882]
[3851, 3885]
[3851, 3886]
[3853, 3861]
[3853, 3864]
[3853, 3865]
[3853, 3866]
[3853, 3867]
[3853, 3869]
[3853, 3872]
[3853, 3873]
[3853, 3875]
[3853, 3878]
[3853, 3879]
[3853, 3880]
[3853, 3881]
[3853, 3882]
[3853, 3885]
[3853, 3886]
[3855, 3861]
[3855, 3864]
[3855, 3865]
[3855, 3866]
[3855, 3867]
[3855, 3869]
[3855, 3872]
[3855, 3873]
[3855, 3875]
[3855, 3878]
[3855, 3879]
[3855, 3880]
[3855, 3881]
[3855, 3882]
[3855, 3885]
[3855, 3886]
[3856, 3861]
[3856, 3864]
[3856, 3865]
[3856, 3866]
[3856, 3867]
[3856, 3869]
[3856, 3872]
[3856, 3873]
[3856, 3875]
[3856, 3878]
[3856, 3879]
[3856, 3880]
[3856, 3881]
[3856, 3882]
[3856, 3885]
[3856, 3886]
[3861, 3864]
[3861, 3866]
[3861, 3867]
[3861, 3869]
[3861, 3872]
[3861, 3873]
[3861, 3875]
[3864, 3866]
[3864, 3867]
[3864, 3869]
[3864, 3872]
[3864, 3873]
[3864, 3875]
[3864, 3878]
[3864, 3879]
[3864, 3880]
[3864, 3881]
[3864, 3882]
[3864, 3885]
[3865, 3866]
[3865, 3867]
[3865, 3869]
[3865, 3872]
[3865, 3873]
[3865, 3875]
[3866, 3872]
[3866, 3873]
[3866, 3875]
[3867, 3872]
[3867, 3873]
[3867, 3875]
[3869, 3872]
[3869, 3873]
[3869, 3875]
[3889, 3892]
[3889, 3894]
[3889, 3896]
[3889, 3898]
[3889, 3900]
[3889, 3901]
[3889, 3903]
[3892, 3894]
[3892, 3896]
[3892, 3898]
[3892, 3900]
[3892, 3901]
[3892, 3903]
[3892, 3906]
[3892, 3907]
[3892, 3908]
[3892, 3909]
[3892, 3910]
[3893, 3894]
[3893, 3896]
[3893, 3898]
[3893, 3900]
[3893, 3901]
[3893, 3903]
[3894, 3900]
[3894, 3901]
[3894, 3903]
[3896, 3900]
[3896, 3901]
[3896, 3903]
[3898, 3900]
[3898, 3901]
[3898, 3903]
[3917, 3920]
[3917, 3922]
[3917, 3924]
[3917, 3926]
[3917, 3928]
[3917, 3930]
[3917, 3932]
[3920, 3922]
[3920, 3924]
[3920, 3926]
[3920, 3928]
[3920, 3930]
[3920, 3932]
[3920, 3934]
[3920, 3935]
[3920, 3936]
[3920, 3937]
[3920, 3938]
[3921, 3922]
[3921, 3924]
[3921, 3926]
[3921, 3928]
[3921, 3930]
[3921, 3932]
[3922, 3928]
[3922, 3930]
[3922, 3932]
[3924, 3928]
[3924, 3930]
[3924, 3932]
[3926, 3928]
[3926, 3930]
[3926, 3932]
[3945, 3948]
[3945, 3950]
[3945, 3951]
[3945, 3953]
[3945, 3956]
[3945, 3958]
[3945, 3960]
[3948, 3950]
[3948, 3951]
[3948, 3953]
[3948, 3956]
[3948, 3958]
[3948, 3960]
[3948, 3965]
[3949, 3950]
[3949, 3951]
[3949, 3953]
[3949, 3956]
[3949, 3958]
[3949, 3960]
[3950, 3956]
[3950, 3958]
[3950, 3960]
[3951, 3956]
[3951, 3958]
[3951, 3960]
[3953, 3956]
[3953, 3958]
[3953, 3960]
[3974, 3977]
[3974, 3979]
[3974, 3980]
[3974, 3982]
[3974, 3988]
[3977, 3979]
[3977, 3980]
[3977, 3982]
[3977, 3985]
[3977, 3988]
[3978, 3979]
[3978, 3980]
[3978, 3982]
[3978, 3988]
[3986, 4973]
[3986, 4976]
[3986, 4978]
[3987, 4973]
[3987, 4976]
[3987, 4978]
[3992, 3995]
[3992, 3997]
[3992, 3999]
[3992, 4001]
[3995, 3997]
[3995, 3999]
[3995, 4001]
[3995, 4003]
[3996, 3997]
[3996, 3999]
[3996, 4001]
[4010, 4013]
[4010, 4015]
[4010, 4017]
[4010, 4019]
[4013, 4015]
[4013, 4017]
[4013, 4019]
[4013, 4021]
[4014, 4015]
[4014, 4017]
[4014, 4019]
[4022, 4932]
[4022, 4966]
[4022, 4968]
[4023, 4932]
[4023, 4966]
[4023, 4968]
[4024, 4932]
[4024, 4966]
[4024, 4968]
[4026, 4958]
[4026, 4960]
[4026, 4996]
[4027, 4958]
[4027, 4960]
[4027, 4996]
[4028, 4031]
[4028, 4033]
[4028, 4034]
[4028, 4036]
[4029, 4958]
[4029, 4960]
[4029, 4996]
[4031, 4033]
[4031, 4034]
[4031, 4036]
[4032, 4033]
[4032, 4034]
[4032, 4036]
[4045, 4050]
[4045, 4052]
[4045, 4054]
[4045, 4175]
[4045, 4178]
[4045, 4179]
[4045, 4180]
[4045, 4181]
[4045, 4183]
[4045, 4186]
[4045, 4188]
[4045, 4190]
[4045, 4192]
[4045, 4193]
[4045, 4194]
[4045, 4195]
[4045, 4196]
[4045, 4200]
[4047, 4050]
[4048, 4050]
[4050, 4175]
[4050, 4178]
[4050, 4179]
[4050, 4180]
[4050, 4181]
[4050, 4183]
[4050, 4186]
[4050, 4188]
[4050, 4190]
[4050, 4192]
[4050, 4193]
[4050, 4194]
[4050, 4195]
[4050, 4196]
[4050, 4200]
[4051, 4112]
[4052, 4196]
[4054, 4196]
[4056, 4061]
[4056, 4063]
[4056, 4065]
[4056, 4147]
[4056, 4150]
[4056, 4151]
[4056, 4152]
[4056, 4154]
[4056, 4156]
[4056, 4158]
[4056, 4160]
[4056, 4162]
[4056, 4164]
[4056, 4165]
[4056, 4166]
[4056, 4167]
[4056, 4168]
[4056, 4172]
[4058, 4061]
[4058, 4147]
[4058, 4150]
[4058, 4151]
[4058, 4152]
[4058, 4154]
[4058, 4156]
[4058, 4158]
[4058, 4160]
[4058, 4162]
[4058, 4164]
[4058, 4165]
[4058, 4166]
[4058, 4167]
[4058, 4168]
[4058, 4172]
[4060, 4061]
[4060, 4147]
[4060, 4150]
[4060, 4151]
[4060, 4152]
[4060, 4154]
[4060, 4156]
[4060, 4158]
[4060, 4160]
[4060, 4162]
[4060, 4164]
[4060, 4165]
[4060, 4166]
[4060, 4167]
[4060, 4168]
[4060, 4172]
[4061, 4147]
[4061, 4150]
[4061, 4151]
[4061, 4152]
[4061, 4154]
[4061, 4156]
[4061, 4158]
[4061, 4160]
[4061, 4162]
[4061, 4164]
[4061, 4165]
[4061, 4166]
[4061, 4167]
[4061, 4168]
[4061, 4172]
[4062, 4140]
[4063, 4168]
[4065, 4168]
[4066, 4140]
[4067, 4072]
[4067, 4074]
[4067, 4075]
[4067, 4119]
[4067, 4122]
[4067, 4123]
[4067, 4124]
[4067, 4126]
[4067, 4128]
[4067, 4130]
[4067, 4131]
[4067, 4133]
[4067, 4136]
[4067, 4137]
[4067, 4138]
[4067, 4139]
[4067, 4140]
[4067, 4143]
[4067, 4144]
[4068, 4078]
[4068, 4080]
[4068, 4081]
[4068, 4083]
[4068, 4085]
[4068, 4086]
[4068, 4091]
[4068, 4094]
[4068, 4095]
[4068, 4096]
[4068, 4097]
[4068, 4099]
[4068, 4102]
[4068, 4103]
[4068, 4105]
[4068, 4108]
[4068, 4109]
[4068, 4110]
[4068, 4111]
[4068, 4112]
[4068, 4115]
[4068, 4116]
[4069, 4072]
[4069, 4074]
[4069, 4075]
[4069, 4136]
[4071, 4072]
[4071, 4074]
[4071, 4075]
[4071, 4136]
[4072, 4119]
[4072, 4122]
[4072, 4123]
[4072, 4124]
[4072, 4126]
[4072, 4128]
[4072, 4130]
[4072, 4131]
[4072, 4133]
[4072, 4136]
[4072, 4137]
[4072, 4138]
[4072, 4139]
[4072, 4140]
[4072, 4143]
[4072, 4144]
[4074, 4119]
[4074, 4122]
[4074, 4123]
[4074, 4124]
[4074, 4126]
[4074, 4128]
[4074, 4130]
[4074, 4131]
[4074, 4133]
[4074, 4136]
[4074, 4137]
[4074, 4138]
[4074, 4139]
[4074, 4140]
[4074, 4143]
[4074, 4144]
[4075, 4119]
[4075, 4122]
[4075, 4123]
[4075, 4124]
[4075, 4126]
[4075, 4128]
[4075, 4130]
[4075, 4131]
[4075, 4133]
[4075, 4136]
[4075, 4137]
[4075, 4138]
[4075, 4139]
[4075, 4140]
[4075, 4143]
[4075, 4144]
[4077, 4078]
[4077, 4080]
[4077, 4081]
[4077, 4083]
[4077, 4085]
[4077, 4086]
[4077, 4091]
[4077, 4094]
[4077, 4095]
[4077, 4096]
[4077, 4097]
[4077, 4099]
[4077, 4102]
[4077, 4103]
[4077, 4105]
[4077, 4108]
[4077, 4109]
[4077, 4110]
[4077, 4111]
[4077, 4112]
[4077, 4115]
[4077, 4116]
[4078, 4083]
[4078, 4085]
[4078, 4086]
[4078, 4091]
[4078, 4094]
[4078, 4095]
[4078, 4096]
[4078, 4097]
[4078, 4099]
[4078, 4102]
[4078, 4103]
[4078, 4105]
[4078, 4108]
[4078, 4109]
[4078, 4110]
[4078, 4111]
[4078, 4112]
[4078, 4115]
[4078, 4116]
[4080, 4083]
[4080, 4085]
[4080, 4086]
[4080, 4091]
[4080, 4094]
[4080, 4095]
[4080, 4096]
[4080, 4097]
[4080, 4099]
[4080, 4102]
[4080, 4103]
[4080, 4105]
[4080, 4108]
[4080, 4109]
[4080, 4110]
[4080, 4111]
[4080, 4112]
[4080, 4115]
[4080, 4116]
[4081, 4083]
[4081, 4085]
[4081, 4086]
[4081, 4091]
[4081, 4094]
[4081, 4095]
[4081, 4096]
[4081, 4097]
[4081, 4099]
[4081, 4102]
[4081, 4103]
[4081, 4105]
[4081, 4108]
[4081, 4109]
[4081, 4110]
[4081, 4111]
[4081, 4112]
[4081, 4115]
[4081, 4116]
[4083, 4091]
[4083, 4094]
[4083, 4095]
[4083, 4096]
[4083, 4097]
[4083, 4099]
[4083, 4102]
[4083, 4103]
[4083, 4105]
[4083, 4108]
[4083, 4109]
[4083, 4110]
[4083, 4111]
[4083, 4112]
[4083, 4115]
[4083, 4116]
[4085, 4091]
[4085, 4094]
[4085, 4095]
[4085, 4096]
[4085, 4097]
[4085, 4099]
[4085, 4102]
[4085, 4103]
[4085, 4105]
[4085, 4108]
[4085, 4109]
[4085, 4110]
[4085, 4111]
[4085, 4112]
[4085, 4115]
[4085, 4116]
[4086, 4091]
[4086, 4094]
[4086, 4095]
[4086, 4096]
[4086, 4097]
[4086, 4099]
[4086, 4102]
[4086, 4103]
[4086, 4105]
[4086, 4108]
[4086, 4109]
[4086, 4110]
[4086, 4111]
[4086, 4112]
[4086, 4115]
[4086, 4116]
[4091, 4094]
[4091, 4096]
[4091, 4097]
[4091, 4099]
[4091, 4102]
[4091, 4103]
[4091, 4105]
[4094, 4096]
[4094, 4097]
[4094, 4099]
[4094, 4102]
[4094, 4103]
[4094, 4105]
[4094, 4108]
[4094, 4109]
[4094, 4110]
[4094, 4111]
[4094, 4112]
[4094, 4115]
[4095, 4096]
[4095, 4097]
[4095, 4099]
[4095, 4102]
[4095, 4103]
[4095, 4105]
[4096, 4102]
[4096, 4103]
[4096, 4105]
[4097, 4102]
[4097, 4103]
[4097, 4105]
[4099, 4102]
[4099, 4103]
[4099, 4105]
[4119, 4122]
[4119, 4124]
[4119, 4126]
[4119, 4128]
[4119, 4130]
[4119, 4131]
[4119, 4133]
[4122, 4124]
[4122, 4126]
[4122, 4128]
[4122, 4130]
[4122, 4131]
[4122, 4133]
[4122, 4136]
[4122, 4137]
[4122, 4138]
[4122, 4139]
[4122, 4140]
[4122, 4143]
[4123, 4124]
[4123, 4126]
[4123, 4128]
[4123, 4130]
[4123, 4131]
[4123, 4133]
[4124, 4130]
[4124, 4131]
[4124, 4133]
[4126, 4130]
[4126, 4131]
[4126, 4133]
[4128, 4130]
[4128, 4131]
[4128, 4133]
[4147, 4150]
[4147, 4152]
[4147, 4154]
[4147, 4156]
[4147, 4158]
[4147, 4160]
[4147, 4162]
[4150, 4152]
[4150, 4154]
[4150, 4156]
[4150, 4158]
[4150, 4160]
[4150, 4162]
[4150, 4164]
[4150, 4165]
[4150, 4166]
[4150, 4167]
[4150, 4168]
[4151, 4152]
[4151, 4154]
[4151, 4156]
[4151, 4158]
[4151, 4160]
[4151, 4162]
[4152, 4158]
[4152, 4160]
[4152, 4162]
[4154, 4158]
[4154, 4160]
[4154, 4162]
[4156, 4158]
[4156, 4160]
[4156, 4162]
[4175, 4178]
[4175, 4180]
[4175, 4181]
[4175, 4183]
[4175, 4186]
[4175, 4188]
[4175, 4190]
[4178, 4180]
[4178, 4181]
[4178, 4183]
[4178, 4186]
[4178, 4188]
[4178, 4190]
[4178, 4192]
[4178, 4193]
[4178, 4194]
[4178, 4196]
[4179, 4180]
[4179, 4181]
[4179, 4183]
[4179, 4186]
[4179, 4188]
[4179, 4190]
[4180, 4186]
[4180, 4188]
[4180, 4190]
[4181, 4186]
[4181, 4188]
[4181, 4190]
[4183, 4186]
[4183, 4188]
[4183, 4190]
[4202, 4302]
[4202, 4305]
[4202, 4306]
[4202, 4307]
[4202, 4308]
[4202, 4310]
[4202, 4312]
[4202, 4313]
[4202, 4316]
[4202, 4317]
[4203, 4276]
[4203, 4277]
[4204, 4207]
[4204, 4208]
[4204, 4209]
[4207, 4302]
[4207, 4305]
[4207, 4306]
[4207, 4307]
[4207, 4308]
[4207, 4310]
[4207, 4312]
[4207, 4313]
[4207, 4316]
[4207, 4317]
[4208, 4302]
[4208, 4305]
[4208, 4306]
[4208, 4307]
[4208, 4308]
[4208, 4310]
[4208, 4312]
[4208, 4313]
[4208, 4316]
[4208, 4317]
[4209, 4302]
[4209, 4305]
[4209, 4306]
[4209, 4307]
[4209, 4308]
[4209, 4310]
[4209, 4312]
[4209, 4313]
[4209, 4316]
[4209, 4317]
[4212, 4276]
[4212, 4277]
[4213, 4220]
[4213, 4284]
[4213, 4287]
[4213, 4288]
[4213, 4289]
[4213, 4291]
[4213, 4293]
[4213, 4294]
[4213, 4295]
[4213, 4299]
[4214, 4220]
[4214, 4284]
[4214, 4287]
[4214, 4288]
[4214, 4289]
[4214, 4291]
[4214, 4293]
[4214, 4294]
[4214, 4295]
[4214, 4299]
[4215, 4218]
[4215, 4220]
[4215, 4222]
[4215, 4284]
[4215, 4287]
[4215, 4288]
[4215, 4289]
[4215, 4291]
[4215, 4293]
[4215, 4294]
[4215, 4295]
[4215, 4299]
[4218, 4284]
[4218, 4287]
[4218, 4288]
[4218, 4289]
[4218, 4291]
[4218, 4293]
[4218, 4294]
[4218, 4295]
[4218, 4299]
[4219, 4223]
[4219, 4258]
[4219, 4259]
[4220, 4223]
[4223, 4258]
[4223, 4259]
[4224, 4230]
[4224, 4266]
[4224, 4269]
[4224, 4270]
[4224, 4271]
[4224, 4273]
[4224, 4275]
[4224, 4276]
[4224, 4277]
[4224, 4281]
[4226, 4229]
[4226, 4230]
[4226, 4231]
[4226, 4266]
[4226, 4269]
[4226, 4270]
[4226, 4271]
[4226, 4273]
[4226, 4275]
[4226, 4276]
[4226, 4277]
[4226, 4281]
[4228, 4230]
[4228, 4266]
[4228, 4269]
[4228, 4270]
[4228, 4271]
[4228, 4273]
[4228, 4275]
[4228, 4276]
[4228, 4277]
[4228, 4281]
[4229, 4266]
[4229, 4269]
[4229, 4270]
[4229, 4271]
[4229, 4273]
[4229, 4275]
[4229, 4276]
[4229, 4277]
[4229, 4281]
[4230, 4266]
[4230, 4269]
[4230, 4270]
[4230, 4271]
[4230, 4273]
[4230, 4275]
[4230, 4276]
[4230, 4277]
[4230, 4281]
[4231, 4266]
[4231, 4269]
[4231, 4270]
[4231, 4271]
[4231, 4273]
[4231, 4275]
[4231, 4276]
[4231, 4277]
[4231, 4281]
[4235, 4240]
[4235, 4242]
[4235, 4243]
[4235, 4248]
[4235, 4251]
[4235, 4252]
[4235, 4253]
[4235, 4254]
[4235, 4256]
[4235, 4258]
[4235, 4259]
[4235, 4262]
[4235, 4263]
[4236, 4240]
[4236, 4242]
[4236, 4243]
[4236, 4248]
[4236, 4251]
[4236, 4252]
[4236, 4253]
[4236, 4254]
[4236, 4256]
[4236, 4258]
[4236, 4259]
[4236, 4262]
[4236, 4263]
[4237, 4240]
[4237, 4242]
[4237, 4243]
[4237, 4248]
[4237, 4251]
[4237, 4252]
[4237, 4253]
[4237, 4254]
[4237, 4256]
[4237, 4258]
[4237, 4259]
[4237, 4262]
[4237, 4263]
[4240, 4248]
[4240, 4251]
[4240, 4252]
[4240, 4253]
[4240, 4254]
[4240, 4256]
[4240, 4258]
[4240, 4259]
[4240, 4262]
[4240, 4263]
[4242, 4248]
[4242, 4251]
[4242, 4252]
[4242, 4253]
[4242, 4254]
[4242, 4256]
[4242, 4258]
[4242, 4259]
[4242, 4262]
[4242, 4263]
[4243, 4248]
[4243, 4251]
[4243, 4252]
[4243, 4253]
[4243, 4254]
[4243, 4256]
[4243, 4258]
[4243, 4259]
[4243, 4262]
[4243, 4263]
[4248, 4251]
[4248, 4253]
[4248, 4254]
[4248, 4256]
[4248, 4262]
[4251, 4253]
[4251, 4254]
[4251, 4256]
[4251, 4259]
[4251, 4262]
[4252, 4253]
[4252, 4254]
[4252, 4256]
[4252, 4262]
[4266, 4269]
[4266, 4271]
[4266, 4273]
[4266, 4275]
[4269, 4271]
[4269, 4273]
[4269, 4275]
[4269, 4277]
[4270, 4271]
[4270, 4273]
[4270, 4275]
[4284, 4287]
[4284, 4289]
[4284, 4291]
[4284, 4293]
[4287, 4289]
[4287, 4291]
[4287, 4293]
[4287, 4295]
[4288, 4289]
[4288, 4291]
[4288, 4293]
[4302, 4305]
[4302, 4307]
[4302, 4308]
[4302, 4310]
[4305, 4307]
[4305, 4308]
[4305, 4310]
[4306, 4307]
[4306, 4308]
[4306, 4310]
[4321, 4323]
[4321, 4325]
[4321, 4327]
[4322, 4323]
[4322, 4325]
[4322, 4327]
[4329, 4337]
[4329, 4341]
[4329, 4348]
[4329, 4349]
[4329, 4356]
[4329, 4357]
[4329, 4361]
[4329, 4364]
[4329, 4373]
[4329, 4381]
[4329, 4389]
[4329, 4393]
[4336, 4394]
[4337, 4341]
[4337, 4348]
[4337, 4349]
[4337, 4356]
[4337, 4357]
[4337, 4361]
[4337, 4364]
[4337, 4373]
[4337, 4381]
[4337, 4389]
[4337, 4393]
[4338, 4342]
[4338, 4343]
[4339, 4342]
[4339, 4343]
[4340, 4394]
[4341, 4348]
[4341, 4349]
[4341, 4356]
[4341, 4357]
[4341, 4361]
[4341, 4364]
[4341, 4373]
[4341, 4381]
[4341, 4389]
[4341, 4393]
[4344, 4365]
[4344, 4372]
[4344, 4377]
[4344, 4380]
[4344, 4392]
[4344, 4394]
[4346, 4350]
[4346, 4351]
[4347, 4350]
[4347, 4351]
[4348, 4356]
[4348, 4357]
[4348, 4361]
[4348, 4364]
[4348, 4373]
[4348, 4381]
[4348, 4389]
[4348, 4393]
[4349, 4356]
[4349, 4357]
[4349, 4361]
[4349, 4364]
[4349, 4373]
[4349, 4381]
[4349, 4389]
[4349, 4393]
[4354, 4358]
[4354, 4359]
[4355, 4358]
[4355, 4359]
[4356, 4364]
[4356, 4373]
[4356, 4381]
[4356, 4389]
[4356, 4393]
[4357, 4364]
[4357, 4373]
[4357, 4381]
[4357, 4389]
[4357, 4393]
[4361, 4364]
[4361, 4373]
[4361, 4381]
[4361, 4389]
[4361, 4393]
[4362, 4366]
[4362, 4367]
[4362, 4368]
[4363, 4366]
[4363, 4367]
[4363, 4368]
[4364, 4373]
[4364, 4381]
[4364, 4389]
[4364, 4393]
[4365, 4380]
[4365, 4392]
[4365, 4394]
[4369, 4394]
[4370, 4374]
[4370, 4375]
[4371, 4374]
[4371, 4375]
[4372, 4394]
[4373, 4381]
[4373, 4389]
[4373, 4393]
[4377, 4380]
[4377, 4392]
[4377, 4394]
[4378, 4382]
[4378, 4383]
[4379, 4382]
[4379, 4383]
[4380, 4394]
[4381, 4389]
[4381, 4393]
[4384, 4394]
[4385, 4394]
[4386, 4390]
[4386, 4391]
[4387, 4390]
[4387, 4391]
[4388, 4390]
[4388, 4391]
[4388, 4394]
[4392, 4394]
[4397, 4400]
[4397, 4714]
[4398, 4400]
[4398, 4714]
[4399, 4400]
[4399, 4714]
[4402, 4404]
[4402, 4406]
[4402, 4408]
[4403, 4404]
[4403, 4406]
[4403, 4408]
[4412, 4414]
[4412, 4416]
[4412, 4418]
[4413, 4414]
[4413, 4416]
[4413, 4418]
[4422, 4469]
[4422, 4470]
[4422, 4471]
[4422, 4472]
[4422, 4487]
[4423, 4469]
[4423, 4470]
[4423, 4471]
[4423, 4472]
[4423, 4487]
[4424, 4469]
[4424, 4470]
[4424, 4471]
[4424, 4472]
[4424, 4487]
[4425, 4469]
[4425, 4470]
[4425, 4471]
[4425, 4472]
[4425, 4487]
[4426, 4435]
[4426, 4439]
[4428, 4437]
[4429, 4436]
[4429, 4438]
[4437, 4457]
[4437, 4459]
[4437, 4460]
[4437, 4461]
[4437, 4463]
[4437, 4464]
[4437, 4465]
[4437, 4467]
[4440, 4469]
[4440, 4470]
[4440, 4471]
[4440, 4472]
[4440, 4487]
[4442, 4482]
[4443, 4482]
[4456, 4528]
[4458, 4469]
[4458, 4470]
[4458, 4471]
[4458, 4472]
[4458, 4487]
[4473, 4491]
[4481, 4762]
[4481, 4763]
[4481, 4765]
[4486, 4489]
[4486, 4490]
[4498, 4507]
[4498, 4511]
[4498, 4534]
[4501, 4509]
[4501, 4521]
[4501, 4522]
[4501, 4523]
[4501, 4525]
[4501, 4526]
[4501, 4527]
[4502, 4507]
[4507, 4534]
[4518, 4575]
[4519, 4575]
[4541, 4554]
[4541, 4556]
[4541, 4557]
[4541, 4558]
[4541, 4560]
[4543, 4554]
[4543, 4556]
[4543, 4557]
[4543, 4558]
[4543, 4560]
[4545, 4554]
[4545, 4556]
[4545, 4557]
[4545, 4558]
[4545, 4560]
[4546, 4555]
[4549, 4553]
[4549, 4555]
[4550, 4555]
[4553, 4555]
[4554, 4557]
[4554, 4558]
[4571, 4575]
[4574, 4575]
[4574, 4578]
[4579, 4582]
[4579, 4583]
[4587, 4634]
[4587, 4635]
[4587, 4636]
[4587, 4637]
[4587, 4652]
[4588, 4634]
[4588, 4635]
[4588, 4636]
[4588, 4637]
[4588, 4652]
[4589, 4634]
[4589, 4635]
[4589, 4636]
[4589, 4637]
[4589, 4652]
[4590, 4634]
[4590, 4635]
[4590, 4636]
[4590, 4637]
[4590, 4652]
[4591, 4600]
[4591, 4604]
[4593, 4601]
[4593, 4603]
[4593, 4614]
[4593, 4615]
[4593, 4616]
[4593, 4618]
[4593, 4619]
[4593, 4620]
[4594, 4602]
[4595, 4600]
[4595, 4604]
[4602, 4622]
[4602, 4624]
[4602, 4625]
[4602, 4626]
[4602, 4627]
[4602, 4628]
[4602, 4629]
[4602, 4630]
[4602, 4632]
[4605, 4634]
[4605, 4635]
[4605, 4636]
[4605, 4637]
[4605, 4652]
[4609, 4617]
[4613, 4621]
[4651, 4654]
[4651, 4655]
[4665, 4686]
[4665, 4687]
[4665, 4688]
[4665, 4690]
[4665, 4691]
[4665, 4692]
[4678, 4686]
[4681, 4689]
[4685, 4693]
[4715, 4726]
[4715, 4728]
[4715, 4730]
[4716, 4724]
[4716, 4726]
[4716, 4728]
[4716, 4730]
[4717, 4726]
[4717, 4728]
[4717, 4730]
[4720, 4726]
[4720, 4728]
[4720, 4730]
[4724, 4726]
[4724, 4728]
[4724, 4730]
[4725, 4726]
[4725, 4728]
[4725, 4730]
[4733, 4741]
[4733, 4742]
[4733, 4744]
[4733, 4746]
[4733, 4748]
[4734, 4741]
[4734, 4742]
[4734, 4744]
[4734, 4746]
[4734, 4748]
[4735, 4741]
[4735, 4742]
[4735, 4744]
[4735, 4746]
[4735, 4748]
[4741, 4744]
[4741, 4746]
[4741, 4748]
[4742, 4744]
[4742, 4746]
[4742, 4748]
[4743, 4744]
[4743, 4746]
[4743, 4748]
[4762, 4763]
[4778, 4779]
[4778, 4782]
[4778, 4783]
[4787, 4796]
[4787, 4859]
[4787, 4861]
[4787, 4863]
[4788, 4859]
[4788, 4861]
[4788, 4863]
[4789, 4859]
[4789, 4861]
[4789, 4863]
[4790, 4859]
[4790, 4861]
[4790, 4863]
[4791, 4859]
[4791, 4861]
[4791, 4863]
[4792, 4797]
[4792, 4859]
[4792, 4861]
[4792, 4863]
[4794, 4859]
[4794, 4861]
[4794, 4863]
[4795, 4796]
[4795, 4859]
[4795, 4861]
[4795, 4863]
[4796, 4859]
[4796, 4861]
[4796, 4863]
[4797, 4859]
[4797, 4861]
[4797, 4863]
[4798, 4859]
[4798, 4861]
[4798, 4863]
[4799, 4859]
[4799, 4861]
[4799, 4863]
[4800, 4859]
[4800, 4861]
[4800, 4863]
[4801, 4859]
[4801, 4861]
[4801, 4863]
[4802, 4859]
[4802, 4861]
[4802, 4863]
[4803, 4859]
[4803, 4861]
[4803, 4863]
[4804, 4833]
[4804, 4835]
[4804, 4837]
[4804, 4859]
[4804, 4861]
[4804, 4863]
[4806, 4833]
[4806, 4835]
[4806, 4837]
[4806, 4859]
[4806, 4861]
[4806, 4863]
[4807, 4833]
[4807, 4835]
[4807, 4837]
[4807, 4859]
[4807, 4861]
[4807, 4863]
[4808, 4833]
[4808, 4835]
[4808, 4837]
[4808, 4859]
[4808, 4861]
[4808, 4863]
[4809, 4818]
[4809, 4819]
[4809, 4820]
[4809, 4821]
[4809, 4822]
[4809, 4823]
[4809, 4824]
[4809, 4833]
[4809, 4835]
[4809, 4837]
[4809, 4859]
[4809, 4861]
[4809, 4863]
[4810, 4819]
[4810, 4833]
[4810, 4835]
[4810, 4837]
[4810, 4859]
[4810, 4861]
[4810, 4863]
[4811, 4819]
[4811, 4833]
[4811, 4835]
[4811, 4837]
[4811, 4859]
[4811, 4861]
[4811, 4863]
[4812, 4819]
[4812, 4833]
[4812, 4835]
[4812, 4837]
[4812, 4859]
[4812, 4861]
[4812, 4863]
[4813, 4833]
[4813, 4835]
[4813, 4837]
[4813, 4859]
[4813, 4861]
[4813, 4863]
[4814, 4825]
[4814, 4827]
[4814, 4828]
[4814, 4829]
[4814, 4830]
[4814, 4831]
[4814, 4833]
[4814, 4835]
[4814, 4837]
[4814, 4859]
[4814, 4861]
[4814, 4863]
[4816, 4833]
[4816, 4835]
[4816, 4837]
[4816, 4859]
[4816, 4861]
[4816, 4863]
[4817, 4818]
[4817, 4819]
[4817, 4820]
[4817, 4821]
[4817, 4822]
[4817, 4823]
[4817, 4824]
[4817, 4833]
[4817, 4835]
[4817, 4837]
[4817, 4859]
[4817, 4861]
[4817, 4863]
[4818, 4833]
[4818, 4835]
[4818, 4837]
[4818, 4859]
[4818, 4861]
[4818, 4863]
[4819, 4833]
[4819, 4835]
[4819, 4837]
[4819, 4859]
[4819, 4861]
[4819, 4863]
[4820, 4833]
[4820, 4835]
[4820, 4837]
[4820, 4859]
[4820, 4861]
[4820, 4863]
[4821, 4833]
[4821, 4835]
[4821, 4837]
[4821, 4859]
[4821, 4861]
[4821, 4863]
[4822, 4833]
[4822, 4835]
[4822, 4837]
[4822, 4859]
[4822, 4861]
[4822, 4863]
[4823, 4833]
[4823, 4835]
[4823, 4837]
[4823, 4859]
[4823, 4861]
[4823, 4863]
[4824, 4833]
[4824, 4835]
[4824, 4837]
[4824, 4859]
[4824, 4861]
[4824, 4863]
[4825, 4833]
[4825, 4835]
[4825, 4837]
[4825, 4859]
[4825, 4861]
[4825, 4863]
[4827, 4833]
[4827, 4835]
[4827, 4837]
[4827, 4859]
[4827, 4861]
[4827, 4863]
[4828, 4833]
[4828, 4835]
[4828, 4837]
[4828, 4859]
[4828, 4861]
[4828, 4863]
[4829, 4833]
[4829, 4835]
[4829, 4837]
[4829, 4859]
[4829, 4861]
[4829, 4863]
[4830, 4833]
[4830, 4835]
[4830, 4837]
[4830, 4859]
[4830, 4861]
[4830, 4863]
[4831, 4833]
[4831, 4835]
[4831, 4837]
[4831, 4859]
[4831, 4861]
[4831, 4863]
[4832, 4833]
[4832, 4835]
[4832, 4837]
[4832, 4859]
[4832, 4861]
[4832, 4863]
[4833, 4859]
[4833, 4861]
[4833, 4863]
[4835, 4859]
[4835, 4861]
[4835, 4863]
[4836, 4859]
[4836, 4861]
[4836, 4863]
[4837, 4859]
[4837, 4861]
[4837, 4863]
[4838, 4859]
[4838, 4861]
[4838, 4863]
[4839, 4859]
[4839, 4861]
[4839, 4863]
[4840, 4849]
[4840, 4859]
[4840, 4861]
[4840, 4863]
[4841, 4859]
[4841, 4861]
[4841, 4863]
[4842, 4859]
[4842, 4861]
[4842, 4863]
[4843, 4859]
[4843, 4861]
[4843, 4863]
[4844, 4859]
[4844, 4861]
[4844, 4863]
[4845, 4850]
[4845, 4859]
[4845, 4861]
[4845, 4863]
[4847, 4859]
[4847, 4861]
[4847, 4863]
[4848, 4849]
[4848, 4859]
[4848, 4861]
[4848, 4863]
[4849, 4859]
[4849, 4861]
[4849, 4863]
[4850, 4859]
[4850, 4861]
[4850, 4863]
[4851, 4859]
[4851, 4861]
[4851, 4863]
[4852, 4859]
[4852, 4861]
[4852, 4863]
[4854, 4857]
[4854, 4859]
[4854, 4861]
[4854, 4863]
[4855, 4859]
[4855, 4861]
[4855, 4863]
[4856, 4859]
[4856, 4861]
[4856, 4863]
[4857, 4859]
[4857, 4861]
[4857, 4863]
[4858, 4859]
[4858, 4861]
[4858, 4863]
[4896, 4901]
[4897, 4902]
[4901, 4905]
[4901, 4906]
[4901, 4907]
[4917, 4920]
[4917, 4921]
[4917, 4922]
[4925, 4934]
[4925, 4935]
[4925, 4936]
[4925, 4937]
[4925, 4940]
[4926, 4934]
[4926, 4935]
[4926, 4936]
[4926, 4937]
[4926, 4938]
[4926, 4939]
[4926, 4940]
[4927, 4934]
[4927, 4935]
[4927, 4936]
[4927, 4937]
[4927, 4938]
[4927, 4939]
[4927, 4940]
[4928, 4934]
[4928, 4935]
[4928, 4936]
[4928, 4939]
[4929, 4934]
[4929, 4935]
[4929, 4936]
[4929, 4965]
[4930, 4934]
[4930, 4935]
[4930, 4936]
[4930, 4937]
[4930, 4966]
[4930, 4968]
[4931, 4934]
[4931, 4935]
[4931, 4936]
[4932, 4966]
[4932, 4968]
[4933, 4967]
[4933, 4969]
[4947, 4983]
[4948, 4986]
[4949, 4985]
[4949, 4987]
[4950, 4986]
[4951, 4985]
[4951, 4987]
[4958, 4996]
[4960, 4996]
[4979, 4988]
[4979, 4989]
[4979, 4990]
[4979, 4991]
[4980, 4988]
[4980, 4989]
[4980, 4990]
[4980, 4991]
[4980, 4992]
[4980, 4993]
[4980, 4994]
[4981, 4988]
[4981, 4989]
[4981, 4990]
[4981, 4991]
[4981, 4992]
[4981, 4993]
[4981, 4994]
[4983, 4989]
[4983, 4990]
[4984, 4989]
[4984, 4990]
[4984, 4991]
[4985, 4988]
[4985, 4989]
[4985, 4990]
[4997, 5007]
[4997, 5008]
[4997, 5009]
[4998, 5006]
[4998, 5007]
[4998, 5008]
[4998, 5009]
[4998, 5010]
[4998, 5011]
[4998, 5012]
[4999, 5006]
[4999, 5007]
[4999, 5008]
[4999, 5009]
[4999, 5010]
[4999, 5011]
[4999, 5012]
[5000, 5006]
[5000, 5007]
[5000, 5008]
[5000, 5009]
[5000, 5010]
[5000, 5011]
[5000, 5012]
[5001, 5007]
[5001, 5008]
[5001, 5009]
[5001, 5037]
[5002, 5006]
[5002, 5007]
[5002, 5008]
[5002, 5009]
[5002, 5010]
[5002, 5011]
[5002, 5012]
[5002, 5040]
[5003, 5007]
[5003, 5008]
[5003, 5009]
[5004, 5040]
[5005, 5039]
[5005, 5041]
[5015, 5025]
[5015, 5026]
[5015, 5027]
[5016, 5024]
[5016, 5025]
[5016, 5026]
[5016, 5027]
[5016, 5028]
[5016, 5029]
[5016, 5030]
[5017, 5024]
[5017, 5025]
[5017, 5026]
[5017, 5027]
[5017, 5028]
[5017, 5029]
[5017, 5030]
[5018, 5024]
[5018, 5025]
[5018, 5026]
[5018, 5027]
[5018, 5028]
[5018, 5029]
[5018, 5030]
[5019, 5025]
[5019, 5026]
[5019, 5027]
[5019, 5055]
[5020, 5024]
[5020, 5025]
[5020, 5026]
[5020, 5027]
[5020, 5028]
[5020, 5029]
[5020, 5030]
[5020, 5058]
[5021, 5025]
[5021, 5026]
[5021, 5027]
[5022, 5058]
[5023, 5057]
[5023, 5059]
[5033, 5043]
[5033, 5044]
[5033, 5045]
[5034, 5042]
[5034, 5043]
[5034, 5044]
[5034, 5045]
[5034, 5046]
[5034, 5047]
[5034, 5048]
[5035, 5042]
[5035, 5043]
[5035, 5044]
[5035, 5045]
[5035, 5046]
[5035, 5047]
[5035, 5048]
[5037, 5043]
[5037, 5044]
[5037, 5045]
[5038, 5043]
[5038, 5044]
[5038, 5045]
[5039, 5042]
[5039, 5043]
[5039, 5044]
[5039, 5045]
[5039, 5046]
[5039, 5047]
[5039, 5048]
[5051, 5061]
[5051, 5062]
[5051, 5063]
[5052, 5060]
[5052, 5061]
[5052, 5062]
[5052, 5063]
[5052, 5064]
[5052, 5065]
[5052, 5066]
[5053, 5060]
[5053, 5061]
[5053, 5062]
[5053, 5063]
[5053, 5064]
[5053, 5065]
[5053, 5066]
[5055, 5061]
[5055, 5062]
[5055, 5063]
[5056, 5061]
[5056, 5062]
[5056, 5063]
[5057, 5060]
[5057, 5061]
[5057, 5062]
[5057, 5063]
[5057, 5064]
[5057, 5065]
[5057, 5066]
[5076, 5084]
[5076, 5087]
[5076, 5088]
[5077, 5079]
[5077, 5089]
[5078, 5079]
[5078, 5089]
[5092, 5101]
[5093, 5101]
[5094, 5101]
[5095, 5101]
[5097, 5101]
[5098, 5101]
[5100, 5101]
[5115, 5123]
[5117, 5124]
[5117, 5125]
[5117, 5126]
[5118, 5124]
[5118, 5125]
[5118, 5126]
[5119, 5127]
[5132, 5141]
[5133, 5141]
[5134, 5141]
[5135, 5141]
[5137, 5141]
[5138, 5141]
[5138, 5143]
[5138, 5144]
[5140, 5141]
[5143, 5147]
[5144, 5147]
[5145, 5146]
[5176, 5184]
[5189, 5198]
[5190, 5198]
[5191, 5198]
[5192, 5198]
[5194, 5198]
[5196, 5198]
[5197, 5198]
[5212, 5220]
[5214, 5222]
[5214, 5223]
[5215, 5222]
[5215, 5223]
[5216, 5224]
[5229, 5238]
[5230, 5238]
[5231, 5238]
[5232, 5238]
[5234, 5238]
[5236, 5238]
[5236, 5240]
[5236, 5241]
[5237, 5238]
[5240, 5244]
[5241, 5244]
[5246, 5255]
[5247, 5255]
[5248, 5255]
[5249, 5255]
[5251, 5255]
[5253, 5255]
[5254, 5255]
[5282, 5284]
