[1014, 1024]
[1026, 1030]
[1039, 1044]
[1042, 1047]
[1048, 1053]
[1051, 1056]
[1067, 1071]
[1067, 1072]
[1068, 1071]
[1068, 1072]
[1078, 1083]
[1081, 1086]
[1084, 1097]
[1086, 1097]
[1100, 1105]
[1103, 1108]
[1110, 1115]
[1113, 1115]
[1123, 1193]
[1123, 1233]
[1123, 1255]
[1129, 1133]
[1129, 1134]
[1130, 1133]
[1130, 1134]
[1140, 1145]
[1143, 1148]
[1162, 1167]
[1165, 1167]
[1184, 1189]
[1187, 1189]
[1194, 1199]
[1197, 1202]
[1204, 1211]
[1213, 1217]
[1213, 1218]
[1214, 1217]
[1214, 1218]
[1224, 1229]
[1227, 1229]
[1246, 1251]
[1249, 1251]
[1256, 1261]
[1259, 1261]
[1266, 1273]
[1267, 1271]
[1267, 1272]
[1268, 1271]
[1268, 1272]
[1274, 1281]
[1275, 1279]
[1275, 1280]
[1276, 1279]
[1276, 1280]
[1382, 1387]
[1385, 1390]
[1388, 1400]
[1390, 1400]
[1403, 1408]
[1406, 1408]
[1425, 1430]
[1428, 1433]
[1447, 1452]
[1450, 1452]
[1471, 1475]
[1473, 1476]
[1485, 1505]
[1486, 1488]
[1486, 1489]
[1486, 1490]
[1486, 1491]
[1486, 1513]
[1486, 1531]
[1487, 1505]
[1487, 1585]
[1487, 1603]
[1488, 1492]
[1488, 1493]
[1488, 1494]
[1488, 1564]
[1488, 1565]
[1488, 1567]
[1489, 1492]
[1489, 1493]
[1489, 1494]
[1489, 1567]
[1490, 1492]
[1490, 1493]
[1490, 1494]
[1490, 1567]
[1491, 1492]
[1491, 1493]
[1491, 1494]
[1491, 1567]
[1492, 1564]
[1493, 1567]
[1494, 1564]
[1497, 1501]
[1497, 1502]
[1497, 1503]
[1497, 1504]
[1497, 1567]
[1498, 1501]
[1498, 1502]
[1498, 1503]
[1498, 1504]
[1498, 1567]
[1499, 1501]
[1499, 1502]
[1499, 1503]
[1499, 1504]
[1499, 1567]
[1500, 1501]
[1500, 1502]
[1500, 1503]
[1500, 1567]
[1504, 1513]
[1504, 1531]
[1505, 1585]
[1505, 1603]
[1513, 1529]
[1513, 1531]
[1516, 1520]
[1527, 1530]
[1543, 1547]
[1561, 1565]
[1572, 1575]
[1581, 1584]
[1585, 1601]
[1585, 1603]
[1588, 1592]
[1599, 1602]
[1606, 1610]
[1614, 1619]
[1615, 1619]
[1623, 1628]
[1626, 1631]
[1650, 1655]
[1651, 1655]
[1659, 1664]
[1662, 1664]
[1686, 1691]
[1689, 1694]
[1695, 1700]
[1696, 1700]
[1722, 1727]
[1725, 1727]
[1731, 1736]
[1732, 1736]
[1749, 1753]
[1749, 1754]
[1749, 1755]
[1758, 1763]
[1761, 1766]
[1767, 1772]
[1768, 1773]
[1769, 1772]
[1770, 1772]
[1785, 1789]
[1785, 1790]
[1794, 1799]
[1797, 1799]
[1803, 1808]
[1804, 1809]
[1805, 1808]
[1806, 1808]
[1821, 1825]
[1821, 1826]
[1830, 1835]
[1831, 1836]
[1832, 1835]
[1833, 1835]
[1839, 1844]
[1842, 1847]
[1866, 1871]
[1867, 1872]
[1868, 1871]
[1869, 1871]
[1875, 1880]
[1878, 1880]
[1893, 1897]
[1894, 1897]
[1908, 1911]
[1917, 1920]
[1926, 1929]
[1940, 1943]
[1949, 1952]
[1963, 1966]
[1981, 1984]
[1990, 1993]
[2027, 2030]
[2038, 2043]
[2039, 2043]
[2056, 2062]
[2057, 2061]
[2058, 2062]
[2059, 2062]
[2069, 2074]
[2072, 2077]
[2075, 2087]
[2077, 2087]
[2078, 2083]
[2081, 2086]
[2091, 2295]
[2097, 2101]
[2097, 2102]
[2098, 2101]
[2098, 2102]
[2108, 2113]
[2111, 2116]
[2114, 2127]
[2116, 2127]
[2130, 2135]
[2133, 2138]
[2136, 2149]
[2138, 2149]
[2140, 2145]
[2143, 2145]
[2153, 2223]
[2153, 2263]
[2153, 2285]
[2159, 2163]
[2159, 2164]
[2160, 2163]
[2160, 2164]
[2170, 2175]
[2173, 2178]
[2176, 2189]
[2178, 2189]
[2192, 2197]
[2195, 2197]
[2199, 2211]
[2200, 2211]
[2214, 2219]
[2217, 2219]
[2221, 2233]
[2222, 2233]
[2224, 2229]
[2227, 2232]
[2243, 2247]
[2243, 2248]
[2244, 2247]
[2244, 2248]
[2254, 2259]
[2257, 2259]
[2261, 2273]
[2262, 2273]
[2276, 2281]
[2279, 2281]
[2283, 2295]
[2284, 2295]
[2286, 2291]
[2289, 2291]
[2296, 2303]
[2297, 2301]
[2297, 2302]
[2298, 2301]
[2298, 2302]
[2304, 2311]
[2305, 2309]
[2305, 2310]
[2306, 2309]
[2306, 2310]
[2318, 2322]
[2318, 2326]
[2330, 2335]
[2333, 2338]
[2339, 2344]
[2342, 2347]
[2352, 2354]
[2352, 2355]
[2358, 2362]
[2358, 2363]
[2359, 2362]
[2359, 2363]
[2369, 2374]
[2372, 2377]
[2379, 2384]
[2382, 2384]
[2398, 2402]
[2398, 2403]
[2398, 2404]
[2399, 2402]
[2399, 2403]
[2399, 2404]
[2409, 2414]
[2412, 2414]
[2419, 2424]
[2422, 2427]
[2432, 2434]
[2432, 2435]
[2438, 2442]
[2438, 2443]
[2438, 2444]
[2439, 2442]
[2439, 2443]
[2439, 2444]
[2440, 2442]
[2440, 2443]
[2440, 2444]
[2449, 2454]
[2452, 2454]
[2459, 2464]
[2462, 2464]
[2478, 2482]
[2478, 2483]
[2478, 2484]
[2479, 2482]
[2479, 2483]
[2479, 2484]
[2480, 2482]
[2480, 2483]
[2480, 2484]
[2501, 2508]
[2501, 2509]
[2501, 2510]
[2501, 2511]
[2501, 2512]
[2501, 2513]
[2501, 2514]
[2501, 2515]
[2501, 2516]
[2501, 2517]
[2501, 2519]
[2501, 2521]
[2501, 2522]
[2501, 2523]
[2501, 2524]
[2501, 2525]
[2501, 2526]
[2501, 2527]
[2501, 2528]
[2501, 2529]
[2501, 2530]
[2501, 2536]
[2501, 2542]
[2502, 2508]
[2502, 2509]
[2502, 2510]
[2502, 2511]
[2502, 2512]
[2502, 2513]
[2502, 2514]
[2502, 2515]
[2502, 2516]
[2502, 2517]
[2502, 2519]
[2502, 2521]
[2502, 2522]
[2502, 2523]
[2502, 2524]
[2502, 2525]
[2502, 2526]
[2502, 2527]
[2502, 2528]
[2502, 2529]
[2502, 2530]
[2502, 2536]
[2502, 2542]
[2504, 2508]
[2504, 2509]
[2504, 2510]
[2504, 2511]
[2504, 2512]
[2504, 2513]
[2504, 2514]
[2504, 2515]
[2504, 2516]
[2504, 2517]
[2504, 2519]
[2504, 2521]
[2504, 2522]
[2504, 2523]
[2504, 2524]
[2504, 2525]
[2504, 2526]
[2504, 2527]
[2504, 2528]
[2504, 2529]
[2504, 2530]
[2504, 2536]
[2504, 2542]
[2506, 2508]
[2506, 2509]
[2506, 2510]
[2506, 2511]
[2506, 2512]
[2506, 2513]
[2506, 2514]
[2506, 2515]
[2506, 2516]
[2506, 2517]
[2506, 2519]
[2506, 2521]
[2506, 2522]
[2506, 2523]
[2506, 2524]
[2506, 2525]
[2506, 2526]
[2506, 2527]
[2506, 2528]
[2506, 2529]
[2506, 2530]
[2506, 2536]
[2506, 2542]
[2507, 2508]
[2507, 2509]
[2507, 2510]
[2507, 2511]
[2507, 2512]
[2507, 2513]
[2507, 2514]
[2507, 2515]
[2507, 2516]
[2507, 2517]
[2507, 2519]
[2507, 2521]
[2507, 2522]
[2507, 2523]
[2507, 2524]
[2507, 2525]
[2507, 2526]
[2507, 2527]
[2507, 2528]
[2507, 2529]
[2507, 2530]
[2507, 2536]
[2507, 2542]
[2508, 2509]
[2508, 2510]
[2508, 2511]
[2508, 2512]
[2508, 2513]
[2508, 2514]
[2508, 2515]
[2508, 2516]
[2508, 2517]
[2508, 2519]
[2508, 2521]
[2508, 2522]
[2508, 2523]
[2508, 2524]
[2508, 2525]
[2508, 2526]
[2508, 2527]
[2508, 2528]
[2508, 2529]
[2508, 2530]
[2508, 2536]
[2508, 2542]
[2509, 2510]
[2509, 2511]
[2509, 2512]
[2509, 2513]
[2509, 2514]
[2509, 2515]
[2509, 2516]
[2509, 2517]
[2509, 2519]
[2509, 2521]
[2509, 2522]
[2509, 2523]
[2509, 2524]
[2509, 2525]
[2509, 2526]
[2509, 2527]
[2509, 2528]
[2509, 2529]
[2509, 2530]
[2509, 2536]
[2509, 2542]
[2510, 2511]
[2510, 2512]
[2510, 2513]
[2510, 2514]
[2510, 2515]
[2510, 2516]
[2510, 2517]
[2510, 2519]
[2510, 2521]
[2510, 2522]
[2510, 2523]
[2510, 2524]
[2510, 2525]
[2510, 2526]
[2510, 2527]
[2510, 2528]
[2510, 2529]
[2510, 2530]
[2510, 2536]
[2510, 2542]
[2511, 2512]
[2511, 2513]
[2511, 2514]
[2511, 2515]
[2511, 2516]
[2511, 2517]
[2511, 2519]
[2511, 2521]
[2511, 2522]
[2511, 2523]
[2511, 2524]
[2511, 2525]
[2511, 2526]
[2511, 2527]
[2511, 2528]
[2511, 2529]
[2511, 2530]
[2511, 2536]
[2511, 2542]
[2512, 2513]
[2512, 2514]
[2512, 2515]
[2512, 2516]
[2512, 2517]
[2512, 2519]
[2512, 2521]
[2512, 2522]
[2512, 2523]
[2512, 2524]
[2512, 2525]
[2512, 2526]
[2512, 2527]
[2512, 2528]
[2512, 2529]
[2512, 2530]
[2512, 2536]
[2512, 2542]
[2513, 2514]
[2513, 2515]
[2513, 2516]
[2513, 2517]
[2513, 2519]
[2513, 2521]
[2513, 2522]
[2513, 2523]
[2513, 2524]
[2513, 2525]
[2513, 2526]
[2513, 2527]
[2513, 2528]
[2513, 2529]
[2513, 2530]
[2513, 2536]
[2513, 2542]
[2513, 2550]
[2514, 2515]
[2514, 2516]
[2514, 2517]
[2514, 2519]
[2514, 2521]
[2514, 2522]
[2514, 2523]
[2514, 2524]
[2514, 2525]
[2514, 2526]
[2514, 2527]
[2514, 2528]
[2514, 2529]
[2514, 2530]
[2514, 2536]
[2514, 2542]
[2514, 2551]
[2515, 2516]
[2515, 2517]
[2515, 2519]
[2515, 2521]
[2515, 2522]
[2515, 2523]
[2515, 2524]
[2515, 2525]
[2515, 2526]
[2515, 2527]
[2515, 2528]
[2515, 2529]
[2515, 2530]
[2515, 2536]
[2515, 2542]
[2515, 2552]
[2516, 2523]
[2516, 2524]
[2516, 2525]
[2516, 2526]
[2516, 2527]
[2516, 2528]
[2516, 2529]
[2516, 2530]
[2516, 2536]
[2516, 2542]
[2517, 2523]
[2517, 2524]
[2517, 2525]
[2517, 2526]
[2517, 2527]
[2517, 2528]
[2517, 2529]
[2517, 2530]
[2517, 2536]
[2517, 2542]
[2519, 2523]
[2519, 2524]
[2519, 2525]
[2519, 2526]
[2519, 2527]
[2519, 2528]
[2519, 2529]
[2519, 2530]
[2519, 2536]
[2519, 2542]
[2521, 2523]
[2521, 2524]
[2521, 2525]
[2521, 2526]
[2521, 2527]
[2521, 2528]
[2521, 2529]
[2521, 2530]
[2521, 2536]
[2521, 2542]
[2522, 2523]
[2522, 2524]
[2522, 2525]
[2522, 2526]
[2522, 2527]
[2522, 2528]
[2522, 2529]
[2522, 2530]
[2522, 2536]
[2522, 2542]
[2523, 2524]
[2523, 2525]
[2523, 2526]
[2523, 2527]
[2523, 2528]
[2523, 2529]
[2523, 2530]
[2523, 2536]
[2523, 2542]
[2523, 2567]
[2524, 2525]
[2524, 2526]
[2524, 2527]
[2524, 2528]
[2524, 2529]
[2524, 2530]
[2524, 2536]
[2524, 2542]
[2524, 2568]
[2525, 2526]
[2525, 2527]
[2525, 2528]
[2525, 2529]
[2525, 2530]
[2525, 2536]
[2525, 2542]
[2525, 2569]
[2526, 2527]
[2526, 2528]
[2526, 2529]
[2526, 2530]
[2526, 2536]
[2526, 2542]
[2527, 2528]
[2527, 2529]
[2527, 2530]
[2527, 2536]
[2527, 2542]
[2527, 2571]
[2528, 2529]
[2528, 2530]
[2528, 2536]
[2528, 2542]
[2528, 2572]
[2529, 2530]
[2529, 2536]
[2529, 2542]
[2529, 2573]
[2530, 2536]
[2530, 2542]
[2530, 2574]
[2531, 2536]
[2531, 2542]
[2536, 2542]
[2550, 2551]
[2572, 2573]
[2596, 2829]
[2608, 4326]
[2609, 4326]
[2636, 2830]
[2654, 2658]
[2654, 2659]
[2654, 2661]
[2654, 2663]
[2654, 2664]
[2654, 2675]
[2655, 2658]
[2655, 2659]
[2655, 2661]
[2655, 2663]
[2655, 2664]
[2655, 2672]
[2655, 2675]
[2656, 2658]
[2656, 2659]
[2656, 2661]
[2656, 2663]
[2656, 2664]
[2656, 2672]
[2656, 2675]
[2657, 2658]
[2657, 2659]
[2657, 2661]
[2657, 2663]
[2657, 2664]
[2657, 2672]
[2660, 2675]
[2661, 2663]
[2661, 2664]
[2661, 2672]
[2661, 2675]
[2662, 2663]
[2662, 2664]
[2662, 2672]
[2662, 2675]
[2677, 2682]
[2677, 2687]
[2677, 2688]
[2677, 2695]
[2677, 2698]
[2678, 2682]
[2678, 2687]
[2678, 2688]
[2678, 2695]
[2678, 2698]
[2679, 2682]
[2679, 2687]
[2679, 2688]
[2679, 2695]
[2679, 2698]
[2680, 2682]
[2680, 2687]
[2680, 2688]
[2680, 2695]
[2680, 2698]
[2683, 2696]
[2683, 2697]
[2683, 2699]
[2685, 2687]
[2685, 2688]
[2685, 2695]
[2685, 2698]
[2688, 2695]
[2688, 2698]
[2738, 2741]
[2760, 2764]
[2760, 2765]
[2760, 2766]
[2760, 2767]
[2760, 2776]
[2760, 2819]
[2760, 2823]
[2761, 2764]
[2761, 2765]
[2761, 2766]
[2761, 2767]
[2761, 2776]
[2761, 2819]
[2761, 2823]
[2762, 2764]
[2762, 2765]
[2762, 2766]
[2762, 2767]
[2762, 2776]
[2762, 2819]
[2762, 2823]
[2763, 2764]
[2763, 2765]
[2763, 2766]
[2763, 2767]
[2763, 2776]
[2763, 2819]
[2763, 2823]
[2764, 2776]
[2764, 2819]
[2764, 2823]
[2765, 2776]
[2765, 2819]
[2765, 2823]
[2766, 2776]
[2766, 2819]
[2766, 2823]
[2767, 2776]
[2767, 2819]
[2767, 2823]
[2776, 2823]
[2779, 2784]
[2780, 2784]
[2781, 2784]
[2782, 2784]
[2789, 2795]
[2790, 2795]
[2791, 2795]
[2792, 2794]
[2799, 2805]
[2800, 2805]
[2801, 2805]
[2802, 2804]
[2809, 2814]
[2810, 2814]
[2811, 2814]
[2812, 2814]
[2825, 2826]
[2825, 2829]
[2833, 3152]
[2833, 3154]
[2833, 3156]
[2833, 3751]
[2839, 2840]
[2841, 2846]
[2844, 2849]
[2850, 2855]
[2853, 2858]
[2868, 2873]
[2868, 2874]
[2888, 2893]
[2891, 2896]
[2894, 2906]
[2913, 2918]
[2916, 2921]
[2922, 2927]
[2925, 2927]
[2940, 2945]
[2940, 2946]
[2941, 2945]
[2941, 2946]
[2942, 2945]
[2942, 2946]
[2960, 2965]
[2963, 2968]
[2966, 2978]
[2968, 2978]
[2988, 2993]
[2991, 2993]
[2995, 3006]
[2996, 3006]
[3013, 3018]
[3016, 3018]
[3022, 3027]
[3025, 3030]
[3040, 3045]
[3040, 3046]
[3040, 3047]
[3041, 3045]
[3041, 3046]
[3041, 3047]
[3042, 3045]
[3042, 3046]
[3042, 3047]
[3060, 3065]
[3063, 3065]
[3067, 3078]
[3068, 3078]
[3085, 3090]
[3088, 3090]
[3094, 3099]
[3097, 3099]
[3113, 3117]
[3113, 3118]
[3113, 3119]
[3114, 3117]
[3114, 3118]
[3114, 3119]
[3141, 3144]
[3141, 3151]
[3157, 3158]
[3157, 3206]
[3157, 3216]
[3158, 3206]
[3158, 3208]
[3158, 3209]
[3158, 3211]
[3158, 3216]
[3160, 3205]
[3161, 3205]
[3162, 3167]
[3163, 3167]
[3164, 3167]
[3165, 3168]
[3171, 3176]
[3172, 3176]
[3173, 3176]
[3174, 3177]
[3180, 3185]
[3181, 3185]
[3182, 3185]
[3183, 3186]
[3189, 3194]
[3190, 3194]
[3191, 3194]
[3192, 3195]
[3226, 3231]
[3227, 3231]
[3228, 3231]
[3229, 3232]
[3253, 3312]
[3256, 3301]
[3257, 3301]
[3258, 3263]
[3259, 3263]
[3260, 3263]
[3261, 3264]
[3267, 3273]
[3268, 3273]
[3269, 3273]
[3270, 3273]
[3276, 3281]
[3277, 3281]
[3278, 3281]
[3279, 3282]
[3285, 3291]
[3286, 3291]
[3287, 3291]
[3288, 3291]
[3322, 3327]
[3323, 3327]
[3324, 3327]
[3325, 3328]
[3353, 3359]
[3354, 3359]
[3355, 3359]
[3356, 3359]
[3383, 3428]
[3384, 3428]
[3385, 3391]
[3386, 3391]
[3387, 3391]
[3388, 3391]
[3394, 3399]
[3395, 3399]
[3396, 3399]
[3397, 3400]
[3403, 3409]
[3404, 3409]
[3405, 3409]
[3406, 3409]
[3412, 3417]
[3413, 3417]
[3414, 3417]
[3449, 3455]
[3450, 3455]
[3451, 3455]
[3452, 3455]
[3458, 3466]
[3476, 3535]
[3479, 3524]
[3480, 3524]
[3481, 3487]
[3482, 3487]
[3483, 3487]
[3484, 3487]
[3490, 3496]
[3491, 3496]
[3492, 3496]
[3493, 3496]
[3499, 3505]
[3500, 3505]
[3501, 3505]
[3502, 3505]
[3503, 3508]
[3503, 3509]
[3503, 3510]
[3503, 3511]
[3503, 3512]
[3503, 3513]
[3503, 3514]
[3504, 3508]
[3504, 3509]
[3504, 3510]
[3504, 3511]
[3504, 3512]
[3504, 3513]
[3504, 3514]
[3508, 3514]
[3509, 3514]
[3510, 3514]
[3511, 3514]
[3541, 3542]
[3541, 3560]
[3542, 3560]
[3543, 3545]
[3543, 3560]
[3544, 3545]
[3544, 3560]
[3545, 3553]
[3545, 3555]
[3545, 3560]
[3566, 3567]
[3566, 3568]
[3566, 3569]
[3566, 3570]
[3566, 3585]
[3567, 3568]
[3567, 3569]
[3567, 3579]
[3567, 3585]
[3568, 3569]
[3568, 3570]
[3568, 3581]
[3568, 3584]
[3568, 3585]
[3569, 3570]
[3569, 3581]
[3569, 3584]
[3569, 3585]
[3570, 3579]
[3570, 3585]
[3591, 3592]
[3591, 3594]
[3591, 3595]
[3591, 3610]
[3592, 3593]
[3592, 3610]
[3593, 3594]
[3593, 3595]
[3593, 3597]
[3593, 3598]
[3593, 3600]
[3593, 3610]
[3594, 3595]
[3594, 3610]
[3595, 3610]
[3599, 3603]
[3616, 3617]
[3616, 3619]
[3616, 3620]
[3616, 3624]
[3616, 3635]
[3617, 3618]
[3617, 3619]
[3617, 3620]
[3617, 3635]
[3618, 3619]
[3618, 3620]
[3618, 3624]
[3618, 3635]
[3619, 3620]
[3619, 3635]
[3620, 3635]
[3641, 3645]
[3641, 3660]
[3642, 3653]
[3642, 3655]
[3642, 3660]
[3643, 3645]
[3643, 3660]
[3644, 3645]
[3644, 3660]
[3645, 3653]
[3645, 3655]
[3645, 3660]
[3666, 3667]
[3666, 3670]
[3666, 3685]
[3667, 3668]
[3667, 3669]
[3667, 3679]
[3667, 3685]
[3668, 3669]
[3668, 3670]
[3668, 3685]
[3669, 3670]
[3669, 3685]
[3670, 3679]
[3670, 3685]
[3691, 3698]
[3691, 3710]
[3692, 3694]
[3692, 3695]
[3692, 3710]
[3693, 3698]
[3693, 3710]
[3694, 3695]
[3694, 3710]
[3695, 3710]
[3699, 3704]
[3716, 3717]
[3716, 3724]
[3716, 3725]
[3716, 3735]
[3717, 3718]
[3717, 3719]
[3717, 3720]
[3717, 3735]
[3718, 3724]
[3718, 3725]
[3718, 3735]
[3719, 3720]
[3719, 3735]
[3720, 3735]
[3754, 3756]
[3754, 3757]
[3754, 3759]
[3754, 3761]
[3754, 3763]
[3838, 3847]
[3839, 3847]
[3841, 3847]
[3861, 3878]
[3861, 3879]
[3861, 3880]
[3861, 3881]
[3861, 3882]
[3861, 3885]
[3865, 3878]
[3865, 3879]
[3865, 3880]
[3865, 3881]
[3865, 3882]
[3865, 3885]
[3866, 3878]
[3866, 3879]
[3866, 3880]
[3866, 3881]
[3866, 3882]
[3866, 3885]
[3867, 3878]
[3867, 3879]
[3867, 3880]
[3867, 3881]
[3867, 3882]
[3867, 3885]
[3869, 3878]
[3869, 3879]
[3869, 3880]
[3869, 3882]
[3869, 3885]
[3872, 3878]
[3872, 3879]
[3872, 3880]
[3872, 3881]
[3872, 3882]
[3872, 3885]
[3873, 3878]
[3873, 3879]
[3873, 3880]
[3873, 3881]
[3873, 3882]
[3873, 3885]
[3875, 3878]
[3875, 3879]
[3875, 3880]
[3875, 3881]
[3875, 3882]
[3878, 3885]
[3879, 3885]
[3880, 3885]
[3887, 3913]
[3888, 3913]
[3889, 3906]
[3889, 3907]
[3889, 3908]
[3889, 3909]
[3889, 3910]
[3890, 3913]
[3893, 3906]
[3893, 3907]
[3893, 3908]
[3893, 3909]
[3893, 3910]
[3893, 3913]
[3894, 3906]
[3894, 3907]
[3894, 3908]
[3894, 3909]
[3894, 3910]
[3894, 3913]
[3896, 3906]
[3896, 3907]
[3896, 3908]
[3896, 3909]
[3896, 3910]
[3896, 3913]
[3898, 3906]
[3898, 3907]
[3898, 3908]
[3898, 3909]
[3898, 3910]
[3898, 3913]
[3900, 3906]
[3900, 3907]
[3900, 3908]
[3900, 3909]
[3900, 3910]
[3900, 3913]
[3901, 3906]
[3901, 3907]
[3901, 3908]
[3901, 3909]
[3901, 3910]
[3903, 3906]
[3903, 3907]
[3903, 3908]
[3903, 3909]
[3903, 3910]
[3917, 3934]
[3917, 3935]
[3917, 3936]
[3917, 3937]
[3917, 3938]
[3921, 3934]
[3921, 3935]
[3921, 3936]
[3921, 3937]
[3921, 3938]
[3922, 3934]
[3922, 3935]
[3922, 3936]
[3922, 3937]
[3922, 3938]
[3924, 3934]
[3924, 3935]
[3924, 3936]
[3924, 3937]
[3924, 3938]
[3926, 3934]
[3926, 3935]
[3926, 3936]
[3926, 3937]
[3926, 3938]
[3928, 3934]
[3928, 3935]
[3928, 3936]
[3928, 3937]
[3928, 3938]
[3930, 3934]
[3930, 3935]
[3930, 3936]
[3930, 3937]
[3930, 3938]
[3932, 3934]
[3932, 3935]
[3932, 3936]
[3932, 3937]
[3932, 3938]
[3945, 3965]
[3949, 3965]
[3950, 3965]
[3951, 3965]
[3953, 3965]
[3956, 3965]
[3958, 3965]
[3960, 3965]
[3972, 3984]
[3973, 3984]
[3974, 3985]
[3975, 3984]
[3978, 3985]
[3979, 3985]
[3979, 3988]
[3980, 3985]
[3980, 3988]
[3982, 3985]
[3984, 3985]
[3986, 4908]
[3987, 4908]
[3990, 4002]
[3990, 4006]
[3991, 4002]
[3991, 4006]
[3992, 4003]
[3993, 4002]
[3993, 4006]
[3996, 4003]
[3997, 4003]
[3999, 4003]
[4001, 4003]
[4002, 4003]
[4008, 4020]
[4009, 4020]
[4010, 4021]
[4011, 4020]
[4014, 4021]
[4015, 4021]
[4017, 4021]
[4019, 4021]
[4026, 4038]
[4026, 4040]
[4026, 4041]
[4026, 4042]
[4027, 4038]
[4027, 4040]
[4027, 4041]
[4027, 4042]
[4029, 4038]
[4029, 4040]
[4029, 4041]
[4029, 4042]
[4032, 4039]
[4033, 4039]
[4033, 4042]
[4034, 4039]
[4036, 4039]
[4038, 4039]
[4038, 4042]
[4040, 4958]
[4040, 4960]
[4040, 4996]
[4041, 4958]
[4041, 4960]
[4041, 4996]
[4068, 4077]
[4069, 4077]
[4071, 4077]
[4091, 4108]
[4091, 4109]
[4091, 4110]
[4091, 4111]
[4091, 4112]
[4091, 4115]
[4095, 4108]
[4095, 4109]
[4095, 4110]
[4095, 4111]
[4095, 4112]
[4095, 4115]
[4096, 4108]
[4096, 4109]
[4096, 4110]
[4096, 4111]
[4096, 4112]
[4096, 4115]
[4097, 4108]
[4097, 4109]
[4097, 4110]
[4097, 4111]
[4097, 4112]
[4097, 4115]
[4099, 4108]
[4099, 4109]
[4099, 4110]
[4099, 4111]
[4099, 4112]
[4099, 4115]
[4102, 4108]
[4102, 4109]
[4102, 4110]
[4102, 4111]
[4102, 4112]
[4102, 4115]
[4103, 4108]
[4103, 4109]
[4103, 4110]
[4103, 4111]
[4103, 4112]
[4103, 4115]
[4105, 4108]
[4105, 4109]
[4105, 4110]
[4105, 4111]
[4105, 4112]
[4105, 4115]
[4108, 4115]
[4109, 4115]
[4110, 4115]
[4119, 4136]
[4119, 4137]
[4119, 4138]
[4119, 4139]
[4119, 4140]
[4119, 4143]
[4123, 4136]
[4123, 4137]
[4123, 4138]
[4123, 4139]
[4123, 4140]
[4123, 4143]
[4124, 4136]
[4124, 4137]
[4124, 4138]
[4124, 4139]
[4124, 4140]
[4124, 4143]
[4126, 4136]
[4126, 4137]
[4126, 4138]
[4126, 4139]
[4126, 4140]
[4126, 4143]
[4128, 4136]
[4128, 4137]
[4128, 4138]
[4128, 4139]
[4128, 4140]
[4128, 4143]
[4130, 4136]
[4130, 4137]
[4130, 4138]
[4130, 4139]
[4130, 4140]
[4130, 4143]
[4131, 4136]
[4131, 4137]
[4131, 4138]
[4131, 4139]
[4131, 4140]
[4131, 4143]
[4133, 4136]
[4133, 4137]
[4133, 4138]
[4133, 4139]
[4133, 4140]
[4133, 4143]
[4147, 4164]
[4147, 4165]
[4147, 4166]
[4147, 4167]
[4147, 4168]
[4151, 4164]
[4151, 4165]
[4151, 4166]
[4151, 4167]
[4151, 4168]
[4152, 4164]
[4152, 4165]
[4152, 4166]
[4152, 4167]
[4152, 4168]
[4154, 4164]
[4154, 4165]
[4154, 4166]
[4154, 4167]
[4154, 4168]
[4156, 4164]
[4156, 4165]
[4156, 4166]
[4156, 4167]
[4156, 4168]
[4158, 4164]
[4158, 4165]
[4158, 4166]
[4158, 4167]
[4158, 4168]
[4160, 4164]
[4160, 4165]
[4160, 4166]
[4160, 4167]
[4160, 4168]
[4162, 4164]
[4162, 4165]
[4162, 4166]
[4162, 4167]
[4162, 4168]
[4175, 4192]
[4175, 4193]
[4175, 4194]
[4175, 4196]
[4179, 4192]
[4179, 4193]
[4179, 4194]
[4179, 4195]
[4179, 4196]
[4180, 4192]
[4180, 4193]
[4180, 4194]
[4180, 4195]
[4180, 4196]
[4181, 4192]
[4181, 4193]
[4181, 4194]
[4181, 4196]
[4183, 4192]
[4183, 4193]
[4183, 4194]
[4183, 4196]
[4186, 4192]
[4186, 4193]
[4186, 4194]
[4186, 4195]
[4186, 4196]
[4188, 4192]
[4188, 4193]
[4188, 4194]
[4188, 4195]
[4188, 4196]
[4190, 4192]
[4190, 4193]
[4190, 4194]
[4190, 4195]
[4190, 4196]
[4203, 4212]
[4204, 4212]
[4246, 4258]
[4247, 4258]
[4248, 4259]
[4249, 4258]
[4252, 4259]
[4253, 4259]
[4253, 4262]
[4254, 4259]
[4254, 4262]
[4256, 4259]
[4258, 4259]
[4264, 4276]
[4264, 4280]
[4265, 4276]
[4265, 4280]
[4266, 4277]
[4267, 4276]
[4267, 4280]
[4270, 4277]
[4271, 4277]
[4273, 4277]
[4275, 4277]
[4276, 4277]
[4282, 4294]
[4282, 4298]
[4283, 4294]
[4283, 4298]
[4284, 4295]
[4285, 4294]
[4285, 4298]
[4288, 4295]
[4289, 4295]
[4291, 4295]
[4293, 4295]
[4294, 4295]
[4300, 4312]
[4300, 4316]
[4301, 4312]
[4301, 4316]
[4303, 4312]
[4303, 4316]
[4306, 4313]
[4307, 4313]
[4307, 4316]
[4308, 4313]
[4310, 4313]
[4312, 4313]
[4356, 4361]
[4357, 4361]
[4389, 4393]
[4407, 4409]
[4417, 4419]
[4422, 4427]
[4422, 4440]
[4422, 4458]
[4423, 4440]
[4423, 4458]
[4424, 4440]
[4424, 4458]
[4425, 4430]
[4425, 4440]
[4425, 4458]
[4427, 4440]
[4427, 4458]
[4428, 4440]
[4428, 4458]
[4430, 4440]
[4430, 4458]
[4440, 4458]
[4449, 4453]
[4449, 4454]
[4449, 4455]
[4450, 4453]
[4450, 4454]
[4450, 4455]
[4451, 4453]
[4451, 4454]
[4451, 4455]
[4469, 4474]
[4469, 4487]
[4470, 4487]
[4471, 4487]
[4472, 4477]
[4472, 4487]
[4474, 4487]
[4475, 4487]
[4477, 4487]
[4494, 4499]
[4497, 4502]
[4503, 4508]
[4506, 4508]
[4521, 4525]
[4521, 4526]
[4521, 4527]
[4522, 4525]
[4522, 4526]
[4522, 4527]
[4523, 4525]
[4523, 4526]
[4523, 4527]
[4562, 4567]
[4565, 4567]
[4569, 4580]
[4570, 4580]
[4587, 4592]
[4587, 4605]
[4588, 4605]
[4589, 4605]
[4590, 4592]
[4590, 4605]
[4592, 4605]
[4592, 4623]
[4594, 4605]
[4594, 4623]
[4595, 4605]
[4609, 4613]
[4614, 4618]
[4615, 4619]
[4615, 4620]
[4616, 4619]
[4616, 4620]
[4634, 4639]
[4634, 4652]
[4635, 4652]
[4636, 4652]
[4637, 4639]
[4637, 4652]
[4639, 4652]
[4641, 4652]
[4642, 4652]
[4659, 4664]
[4662, 4664]
[4668, 4673]
[4671, 4673]
[4681, 4685]
[4686, 4690]
[4687, 4691]
[4687, 4692]
[4688, 4691]
[4688, 4692]
[4689, 4693]
[4741, 4742]
[4756, 4771]
[4760, 4771]
[4762, 4765]
[4766, 4767]
[4775, 4776]
[4775, 4777]
[4775, 4778]
[4775, 4779]
[4775, 4780]
[4775, 4781]
[4775, 4782]
[4775, 4783]
[4775, 4784]
[4775, 4785]
[4775, 4786]
[4775, 4787]
[4775, 4788]
[4775, 4789]
[4775, 4790]
[4775, 4791]
[4775, 4792]
[4775, 4794]
[4775, 4795]
[4775, 4796]
[4775, 4797]
[4775, 4798]
[4775, 4799]
[4775, 4800]
[4775, 4801]
[4775, 4802]
[4775, 4803]
[4775, 4804]
[4775, 4806]
[4775, 4809]
[4775, 4810]
[4775, 4811]
[4775, 4812]
[4775, 4813]
[4775, 4814]
[4775, 4816]
[4775, 4817]
[4775, 4818]
[4775, 4819]
[4775, 4820]
[4775, 4821]
[4775, 4822]
[4775, 4823]
[4775, 4824]
[4775, 4825]
[4775, 4827]
[4775, 4828]
[4775, 4829]
[4775, 4830]
[4775, 4831]
[4775, 4832]
[4775, 4833]
[4775, 4835]
[4775, 4837]
[4775, 4838]
[4775, 4839]
[4775, 4840]
[4775, 4841]
[4775, 4842]
[4775, 4843]
[4775, 4844]
[4775, 4845]
[4775, 4847]
[4775, 4848]
[4775, 4849]
[4775, 4850]
[4775, 4851]
[4775, 4852]
[4775, 4854]
[4775, 4855]
[4775, 4856]
[4775, 4857]
[4775, 4858]
[4775, 4859]
[4775, 4861]
[4775, 4863]
[4775, 4864]
[4775, 4865]
[4776, 4777]
[4776, 4778]
[4776, 4779]
[4776, 4780]
[4776, 4781]
[4776, 4782]
[4776, 4783]
[4776, 4784]
[4776, 4785]
[4776, 4786]
[4776, 4787]
[4776, 4788]
[4776, 4789]
[4776, 4790]
[4776, 4791]
[4776, 4792]
[4776, 4794]
[4776, 4795]
[4776, 4796]
[4776, 4797]
[4776, 4798]
[4776, 4799]
[4776, 4800]
[4776, 4801]
[4776, 4802]
[4776, 4803]
[4776, 4804]
[4776, 4806]
[4776, 4809]
[4776, 4810]
[4776, 4811]
[4776, 4812]
[4776, 4813]
[4776, 4814]
[4776, 4816]
[4776, 4817]
[4776, 4818]
[4776, 4819]
[4776, 4820]
[4776, 4821]
[4776, 4822]
[4776, 4823]
[4776, 4824]
[4776, 4825]
[4776, 4827]
[4776, 4828]
[4776, 4829]
[4776, 4830]
[4776, 4831]
[4776, 4832]
[4776, 4833]
[4776, 4835]
[4776, 4837]
[4776, 4838]
[4776, 4839]
[4776, 4840]
[4776, 4841]
[4776, 4842]
[4776, 4843]
[4776, 4844]
[4776, 4845]
[4776, 4847]
[4776, 4848]
[4776, 4849]
[4776, 4850]
[4776, 4851]
[4776, 4852]
[4776, 4854]
[4776, 4855]
[4776, 4856]
[4776, 4857]
[4776, 4858]
[4776, 4859]
[4776, 4861]
[4776, 4863]
[4776, 4864]
[4776, 4865]
[4777, 4778]
[4777, 4779]
[4777, 4780]
[4777, 4781]
[4777, 4782]
[4777, 4783]
[4777, 4784]
[4777, 4785]
[4777, 4786]
[4777, 4787]
[4777, 4788]
[4777, 4789]
[4777, 4790]
[4777, 4791]
[4777, 4792]
[4777, 4794]
[4777, 4795]
[4777, 4796]
[4777, 4797]
[4777, 4798]
[4777, 4799]
[4777, 4800]
[4777, 4801]
[4777, 4802]
[4777, 4803]
[4777, 4804]
[4777, 4806]
[4777, 4809]
[4777, 4810]
[4777, 4811]
[4777, 4812]
[4777, 4813]
[4777, 4814]
[4777, 4816]
[4777, 4817]
[4777, 4818]
[4777, 4819]
[4777, 4820]
[4777, 4821]
[4777, 4822]
[4777, 4823]
[4777, 4824]
[4777, 4825]
[4777, 4827]
[4777, 4828]
[4777, 4829]
[4777, 4830]
[4777, 4831]
[4777, 4832]
[4777, 4833]
[4777, 4835]
[4777, 4837]
[4777, 4838]
[4777, 4839]
[4777, 4840]
[4777, 4841]
[4777, 4842]
[4777, 4843]
[4777, 4844]
[4777, 4845]
[4777, 4847]
[4777, 4848]
[4777, 4849]
[4777, 4850]
[4777, 4851]
[4777, 4852]
[4777, 4854]
[4777, 4855]
[4777, 4856]
[4777, 4857]
[4777, 4858]
[4777, 4859]
[4777, 4861]
[4777, 4863]
[4777, 4864]
[4777, 4865]
[4778, 4780]
[4778, 4781]
[4778, 4785]
[4778, 4786]
[4778, 4787]
[4778, 4788]
[4778, 4789]
[4778, 4790]
[4778, 4791]
[4778, 4792]
[4778, 4794]
[4778, 4795]
[4778, 4796]
[4778, 4797]
[4778, 4798]
[4778, 4799]
[4778, 4800]
[4778, 4801]
[4778, 4802]
[4778, 4803]
[4778, 4804]
[4778, 4806]
[4778, 4809]
[4778, 4810]
[4778, 4811]
[4778, 4812]
[4778, 4813]
[4778, 4814]
[4778, 4816]
[4778, 4817]
[4778, 4818]
[4778, 4819]
[4778, 4820]
[4778, 4821]
[4778, 4822]
[4778, 4823]
[4778, 4824]
[4778, 4825]
[4778, 4827]
[4778, 4828]
[4778, 4829]
[4778, 4830]
[4778, 4831]
[4778, 4832]
[4778, 4833]
[4778, 4835]
[4778, 4837]
[4778, 4838]
[4778, 4839]
[4778, 4840]
[4778, 4841]
[4778, 4842]
[4778, 4843]
[4778, 4844]
[4778, 4845]
[4778, 4847]
[4778, 4848]
[4778, 4849]
[4778, 4850]
[4778, 4851]
[4778, 4852]
[4778, 4854]
[4778, 4855]
[4778, 4856]
[4778, 4857]
[4778, 4858]
[4778, 4859]
[4778, 4861]
[4778, 4863]
[4778, 4864]
[4778, 4865]
[4779, 4785]
[4779, 4786]
[4779, 4787]
[4779, 4788]
[4779, 4789]
[4779, 4790]
[4779, 4791]
[4779, 4792]
[4779, 4794]
[4779, 4795]
[4779, 4796]
[4779, 4797]
[4779, 4798]
[4779, 4799]
[4779, 4800]
[4779, 4801]
[4779, 4802]
[4779, 4803]
[4779, 4804]
[4779, 4806]
[4779, 4809]
[4779, 4810]
[4779, 4811]
[4779, 4812]
[4779, 4813]
[4779, 4814]
[4779, 4816]
[4779, 4817]
[4779, 4818]
[4779, 4819]
[4779, 4820]
[4779, 4821]
[4779, 4822]
[4779, 4823]
[4779, 4824]
[4779, 4825]
[4779, 4827]
[4779, 4828]
[4779, 4829]
[4779, 4830]
[4779, 4831]
[4779, 4832]
[4779, 4833]
[4779, 4835]
[4779, 4837]
[4779, 4838]
[4779, 4839]
[4779, 4840]
[4779, 4841]
[4779, 4842]
[4779, 4843]
[4779, 4844]
[4779, 4845]
[4779, 4847]
[4779, 4848]
[4779, 4849]
[4779, 4850]
[4779, 4851]
[4779, 4852]
[4779, 4854]
[4779, 4855]
[4779, 4856]
[4779, 4857]
[4779, 4858]
[4779, 4859]
[4779, 4861]
[4779, 4863]
[4779, 4864]
[4779, 4865]
[4780, 4785]
[4780, 4786]
[4780, 4787]
[4780, 4788]
[4780, 4789]
[4780, 4790]
[4780, 4791]
[4780, 4792]
[4780, 4794]
[4780, 4795]
[4780, 4796]
[4780, 4797]
[4780, 4798]
[4780, 4799]
[4780, 4800]
[4780, 4801]
[4780, 4802]
[4780, 4803]
[4780, 4804]
[4780, 4806]
[4780, 4809]
[4780, 4810]
[4780, 4811]
[4780, 4812]
[4780, 4813]
[4780, 4814]
[4780, 4816]
[4780, 4817]
[4780, 4818]
[4780, 4819]
[4780, 4820]
[4780, 4821]
[4780, 4822]
[4780, 4823]
[4780, 4824]
[4780, 4825]
[4780, 4827]
[4780, 4828]
[4780, 4829]
[4780, 4830]
[4780, 4831]
[4780, 4832]
[4780, 4833]
[4780, 4835]
[4780, 4837]
[4780, 4838]
[4780, 4839]
[4780, 4840]
[4780, 4841]
[4780, 4842]
[4780, 4843]
[4780, 4844]
[4780, 4845]
[4780, 4847]
[4780, 4848]
[4780, 4849]
[4780, 4850]
[4780, 4851]
[4780, 4852]
[4780, 4854]
[4780, 4855]
[4780, 4856]
[4780, 4857]
[4780, 4858]
[4780, 4859]
[4780, 4861]
[4780, 4863]
[4780, 4864]
[4780, 4865]
[4781, 4785]
[4781, 4786]
[4781, 4787]
[4781, 4788]
[4781, 4789]
[4781, 4790]
[4781, 4791]
[4781, 4792]
[4781, 4794]
[4781, 4795]
[4781, 4796]
[4781, 4797]
[4781, 4798]
[4781, 4799]
[4781, 4800]
[4781, 4801]
[4781, 4802]
[4781, 4803]
[4781, 4804]
[4781, 4806]
[4781, 4809]
[4781, 4810]
[4781, 4811]
[4781, 4812]
[4781, 4813]
[4781, 4814]
[4781, 4816]
[4781, 4817]
[4781, 4818]
[4781, 4819]
[4781, 4820]
[4781, 4821]
[4781, 4822]
[4781, 4823]
[4781, 4824]
[4781, 4825]
[4781, 4827]
[4781, 4828]
[4781, 4829]
[4781, 4830]
[4781, 4831]
[4781, 4832]
[4781, 4833]
[4781, 4835]
[4781, 4837]
[4781, 4838]
[4781, 4839]
[4781, 4840]
[4781, 4841]
[4781, 4842]
[4781, 4843]
[4781, 4844]
[4781, 4845]
[4781, 4847]
[4781, 4848]
[4781, 4849]
[4781, 4850]
[4781, 4851]
[4781, 4852]
[4781, 4854]
[4781, 4855]
[4781, 4856]
[4781, 4857]
[4781, 4858]
[4781, 4859]
[4781, 4861]
[4781, 4863]
[4781, 4864]
[4781, 4865]
[4782, 4785]
[4782, 4786]
[4782, 4787]
[4782, 4788]
[4782, 4789]
[4782, 4790]
[4782, 4791]
[4782, 4792]
[4782, 4794]
[4782, 4795]
[4782, 4796]
[4782, 4797]
[4782, 4798]
[4782, 4799]
[4782, 4800]
[4782, 4801]
[4782, 4802]
[4782, 4803]
[4782, 4804]
[4782, 4806]
[4782, 4809]
[4782, 4810]
[4782, 4811]
[4782, 4812]
[4782, 4813]
[4782, 4814]
[4782, 4816]
[4782, 4817]
[4782, 4818]
[4782, 4819]
[4782, 4820]
[4782, 4821]
[4782, 4822]
[4782, 4823]
[4782, 4824]
[4782, 4825]
[4782, 4827]
[4782, 4828]
[4782, 4829]
[4782, 4830]
[4782, 4831]
[4782, 4832]
[4782, 4833]
[4782, 4835]
[4782, 4837]
[4782, 4838]
[4782, 4839]
[4782, 4840]
[4782, 4841]
[4782, 4842]
[4782, 4843]
[4782, 4844]
[4782, 4845]
[4782, 4847]
[4782, 4848]
[4782, 4849]
[4782, 4850]
[4782, 4851]
[4782, 4852]
[4782, 4854]
[4782, 4855]
[4782, 4856]
[4782, 4857]
[4782, 4858]
[4782, 4859]
[4782, 4861]
[4782, 4863]
[4782, 4864]
[4782, 4865]
[4783, 4785]
[4783, 4786]
[4783, 4787]
[4783, 4788]
[4783, 4789]
[4783, 4790]
[4783, 4791]
[4783, 4792]
[4783, 4794]
[4783, 4795]
[4783, 4796]
[4783, 4797]
[4783, 4798]
[4783, 4799]
[4783, 4800]
[4783, 4801]
[4783, 4802]
[4783, 4803]
[4783, 4804]
[4783, 4806]
[4783, 4809]
[4783, 4810]
[4783, 4811]
[4783, 4812]
[4783, 4813]
[4783, 4814]
[4783, 4816]
[4783, 4817]
[4783, 4818]
[4783, 4819]
[4783, 4820]
[4783, 4821]
[4783, 4822]
[4783, 4823]
[4783, 4824]
[4783, 4825]
[4783, 4827]
[4783, 4828]
[4783, 4829]
[4783, 4830]
[4783, 4831]
[4783, 4832]
[4783, 4833]
[4783, 4835]
[4783, 4837]
[4783, 4838]
[4783, 4839]
[4783, 4840]
[4783, 4841]
[4783, 4842]
[4783, 4843]
[4783, 4844]
[4783, 4845]
[4783, 4847]
[4783, 4848]
[4783, 4849]
[4783, 4850]
[4783, 4851]
[4783, 4852]
[4783, 4854]
[4783, 4855]
[4783, 4856]
[4783, 4857]
[4783, 4858]
[4783, 4859]
[4783, 4861]
[4783, 4863]
[4783, 4864]
[4783, 4865]
[4784, 4785]
[4784, 4786]
[4784, 4787]
[4784, 4788]
[4784, 4789]
[4784, 4790]
[4784, 4791]
[4784, 4792]
[4784, 4794]
[4784, 4795]
[4784, 4796]
[4784, 4797]
[4784, 4798]
[4784, 4799]
[4784, 4800]
[4784, 4801]
[4784, 4802]
[4784, 4803]
[4784, 4804]
[4784, 4806]
[4784, 4809]
[4784, 4810]
[4784, 4811]
[4784, 4812]
[4784, 4813]
[4784, 4814]
[4784, 4816]
[4784, 4817]
[4784, 4818]
[4784, 4819]
[4784, 4820]
[4784, 4821]
[4784, 4822]
[4784, 4823]
[4784, 4824]
[4784, 4825]
[4784, 4827]
[4784, 4828]
[4784, 4829]
[4784, 4830]
[4784, 4831]
[4784, 4832]
[4784, 4833]
[4784, 4835]
[4784, 4837]
[4784, 4838]
[4784, 4839]
[4784, 4840]
[4784, 4841]
[4784, 4842]
[4784, 4843]
[4784, 4844]
[4784, 4845]
[4784, 4847]
[4784, 4848]
[4784, 4849]
[4784, 4850]
[4784, 4851]
[4784, 4852]
[4784, 4854]
[4784, 4855]
[4784, 4856]
[4784, 4857]
[4784, 4858]
[4784, 4859]
[4784, 4861]
[4784, 4863]
[4784, 4864]
[4784, 4865]
[4785, 4786]
[4785, 4787]
[4785, 4788]
[4785, 4789]
[4785, 4790]
[4785, 4791]
[4785, 4792]
[4785, 4794]
[4785, 4795]
[4785, 4796]
[4785, 4797]
[4785, 4798]
[4785, 4799]
[4785, 4800]
[4785, 4801]
[4785, 4802]
[4785, 4803]
[4785, 4804]
[4785, 4806]
[4785, 4809]
[4785, 4810]
[4785, 4811]
[4785, 4812]
[4785, 4813]
[4785, 4814]
[4785, 4816]
[4785, 4817]
[4785, 4818]
[4785, 4819]
[4785, 4820]
[4785, 4821]
[4785, 4822]
[4785, 4823]
[4785, 4824]
[4785, 4825]
[4785, 4827]
[4785, 4828]
[4785, 4829]
[4785, 4830]
[4785, 4831]
[4785, 4832]
[4785, 4833]
[4785, 4835]
[4785, 4837]
[4785, 4838]
[4785, 4839]
[4785, 4840]
[4785, 4841]
[4785, 4842]
[4785, 4843]
[4785, 4844]
[4785, 4845]
[4785, 4847]
[4785, 4848]
[4785, 4849]
[4785, 4850]
[4785, 4851]
[4785, 4852]
[4785, 4854]
[4785, 4855]
[4785, 4856]
[4785, 4857]
[4785, 4858]
[4785, 4859]
[4785, 4861]
[4785, 4863]
[4785, 4864]
[4785, 4865]
[4786, 4787]
[4786, 4788]
[4786, 4789]
[4786, 4790]
[4786, 4791]
[4786, 4792]
[4786, 4794]
[4786, 4795]
[4786, 4796]
[4786, 4797]
[4786, 4798]
[4786, 4799]
[4786, 4800]
[4786, 4801]
[4786, 4802]
[4786, 4803]
[4786, 4804]
[4786, 4806]
[4786, 4809]
[4786, 4810]
[4786, 4811]
[4786, 4812]
[4786, 4813]
[4786, 4814]
[4786, 4816]
[4786, 4817]
[4786, 4818]
[4786, 4819]
[4786, 4820]
[4786, 4821]
[4786, 4822]
[4786, 4823]
[4786, 4824]
[4786, 4825]
[4786, 4827]
[4786, 4828]
[4786, 4829]
[4786, 4830]
[4786, 4831]
[4786, 4832]
[4786, 4833]
[4786, 4835]
[4786, 4837]
[4786, 4838]
[4786, 4839]
[4786, 4840]
[4786, 4841]
[4786, 4842]
[4786, 4843]
[4786, 4844]
[4786, 4845]
[4786, 4847]
[4786, 4848]
[4786, 4849]
[4786, 4850]
[4786, 4851]
[4786, 4852]
[4786, 4854]
[4786, 4855]
[4786, 4856]
[4786, 4857]
[4786, 4858]
[4786, 4859]
[4786, 4861]
[4786, 4863]
[4786, 4864]
[4786, 4865]
[4787, 4791]
[4787, 4792]
[4787, 4794]
[4787, 4795]
[4787, 4797]
[4787, 4799]
[4787, 4800]
[4787, 4801]
[4787, 4802]
[4787, 4803]
[4787, 4804]
[4787, 4806]
[4787, 4809]
[4787, 4810]
[4787, 4811]
[4787, 4812]
[4787, 4813]
[4787, 4814]
[4787, 4816]
[4787, 4817]
[4787, 4818]
[4787, 4819]
[4787, 4820]
[4787, 4821]
[4787, 4822]
[4787, 4823]
[4787, 4824]
[4787, 4825]
[4787, 4827]
[4787, 4828]
[4787, 4829]
[4787, 4830]
[4787, 4831]
[4787, 4832]
[4787, 4833]
[4787, 4835]
[4787, 4837]
[4787, 4838]
[4787, 4839]
[4787, 4840]
[4787, 4841]
[4787, 4842]
[4787, 4843]
[4787, 4844]
[4787, 4845]
[4787, 4847]
[4787, 4848]
[4787, 4849]
[4787, 4850]
[4787, 4851]
[4787, 4852]
[4787, 4854]
[4787, 4855]
[4787, 4856]
[4787, 4857]
[4787, 4858]
[4787, 4865]
[4788, 4791]
[4788, 4792]
[4788, 4794]
[4788, 4795]
[4788, 4796]
[4788, 4797]
[4788, 4799]
[4788, 4800]
[4788, 4801]
[4788, 4802]
[4788, 4803]
[4788, 4804]
[4788, 4806]
[4788, 4809]
[4788, 4810]
[4788, 4811]
[4788, 4812]
[4788, 4813]
[4788, 4814]
[4788, 4816]
[4788, 4817]
[4788, 4818]
[4788, 4819]
[4788, 4820]
[4788, 4821]
[4788, 4822]
[4788, 4823]
[4788, 4824]
[4788, 4825]
[4788, 4827]
[4788, 4828]
[4788, 4829]
[4788, 4830]
[4788, 4831]
[4788, 4832]
[4788, 4833]
[4788, 4835]
[4788, 4837]
[4788, 4838]
[4788, 4839]
[4788, 4840]
[4788, 4841]
[4788, 4842]
[4788, 4843]
[4788, 4844]
[4788, 4845]
[4788, 4847]
[4788, 4848]
[4788, 4849]
[4788, 4850]
[4788, 4851]
[4788, 4852]
[4788, 4854]
[4788, 4855]
[4788, 4856]
[4788, 4857]
[4788, 4858]
[4788, 4865]
[4789, 4791]
[4789, 4792]
[4789, 4794]
[4789, 4795]
[4789, 4796]
[4789, 4797]
[4789, 4799]
[4789, 4800]
[4789, 4801]
[4789, 4802]
[4789, 4803]
[4789, 4804]
[4789, 4806]
[4789, 4809]
[4789, 4810]
[4789, 4811]
[4789, 4812]
[4789, 4813]
[4789, 4814]
[4789, 4816]
[4789, 4817]
[4789, 4818]
[4789, 4819]
[4789, 4820]
[4789, 4821]
[4789, 4822]
[4789, 4823]
[4789, 4824]
[4789, 4825]
[4789, 4827]
[4789, 4828]
[4789, 4829]
[4789, 4830]
[4789, 4831]
[4789, 4832]
[4789, 4833]
[4789, 4835]
[4789, 4837]
[4789, 4838]
[4789, 4839]
[4789, 4840]
[4789, 4841]
[4789, 4842]
[4789, 4843]
[4789, 4844]
[4789, 4845]
[4789, 4847]
[4789, 4848]
[4789, 4849]
[4789, 4850]
[4789, 4851]
[4789, 4852]
[4789, 4854]
[4789, 4855]
[4789, 4856]
[4789, 4857]
[4789, 4858]
[4789, 4865]
[4790, 4791]
[4790, 4792]
[4790, 4794]
[4790, 4795]
[4790, 4796]
[4790, 4797]
[4790, 4799]
[4790, 4800]
[4790, 4801]
[4790, 4802]
[4790, 4803]
[4790, 4804]
[4790, 4806]
[4790, 4809]
[4790, 4810]
[4790, 4811]
[4790, 4812]
[4790, 4813]
[4790, 4814]
[4790, 4816]
[4790, 4817]
[4790, 4818]
[4790, 4819]
[4790, 4820]
[4790, 4821]
[4790, 4822]
[4790, 4823]
[4790, 4824]
[4790, 4825]
[4790, 4827]
[4790, 4828]
[4790, 4829]
[4790, 4830]
[4790, 4831]
[4790, 4832]
[4790, 4833]
[4790, 4835]
[4790, 4837]
[4790, 4838]
[4790, 4839]
[4790, 4840]
[4790, 4841]
[4790, 4842]
[4790, 4843]
[4790, 4844]
[4790, 4845]
[4790, 4847]
[4790, 4848]
[4790, 4849]
[4790, 4850]
[4790, 4851]
[4790, 4852]
[4790, 4854]
[4790, 4855]
[4790, 4856]
[4790, 4857]
[4790, 4858]
[4790, 4865]
[4791, 4796]
[4791, 4797]
[4791, 4799]
[4791, 4800]
[4791, 4801]
[4791, 4802]
[4791, 4803]
[4791, 4804]
[4791, 4806]
[4791, 4809]
[4791, 4810]
[4791, 4811]
[4791, 4812]
[4791, 4813]
[4791, 4814]
[4791, 4816]
[4791, 4817]
[4791, 4818]
[4791, 4819]
[4791, 4820]
[4791, 4821]
[4791, 4822]
[4791, 4823]
[4791, 4824]
[4791, 4825]
[4791, 4827]
[4791, 4828]
[4791, 4829]
[4791, 4830]
[4791, 4831]
[4791, 4832]
[4791, 4833]
[4791, 4835]
[4791, 4837]
[4791, 4838]
[4791, 4839]
[4791, 4840]
[4791, 4841]
[4791, 4842]
[4791, 4843]
[4791, 4844]
[4791, 4845]
[4791, 4847]
[4791, 4848]
[4791, 4849]
[4791, 4850]
[4791, 4851]
[4791, 4852]
[4791, 4854]
[4791, 4855]
[4791, 4856]
[4791, 4857]
[4791, 4858]
[4791, 4865]
[4792, 4796]
[4792, 4799]
[4792, 4800]
[4792, 4801]
[4792, 4802]
[4792, 4803]
[4792, 4804]
[4792, 4806]
[4792, 4809]
[4792, 4810]
[4792, 4811]
[4792, 4812]
[4792, 4813]
[4792, 4814]
[4792, 4816]
[4792, 4817]
[4792, 4818]
[4792, 4819]
[4792, 4820]
[4792, 4821]
[4792, 4822]
[4792, 4823]
[4792, 4824]
[4792, 4825]
[4792, 4827]
[4792, 4828]
[4792, 4829]
[4792, 4830]
[4792, 4831]
[4792, 4832]
[4792, 4833]
[4792, 4835]
[4792, 4837]
[4792, 4838]
[4792, 4839]
[4792, 4840]
[4792, 4841]
[4792, 4842]
[4792, 4843]
[4792, 4844]
[4792, 4845]
[4792, 4847]
[4792, 4848]
[4792, 4849]
[4792, 4850]
[4792, 4851]
[4792, 4852]
[4792, 4854]
[4792, 4855]
[4792, 4856]
[4792, 4857]
[4792, 4858]
[4792, 4865]
[4794, 4796]
[4794, 4797]
[4794, 4799]
[4794, 4800]
[4794, 4801]
[4794, 4802]
[4794, 4803]
[4794, 4804]
[4794, 4806]
[4794, 4809]
[4794, 4810]
[4794, 4811]
[4794, 4812]
[4794, 4813]
[4794, 4814]
[4794, 4816]
[4794, 4817]
[4794, 4818]
[4794, 4819]
[4794, 4820]
[4794, 4821]
[4794, 4822]
[4794, 4823]
[4794, 4824]
[4794, 4825]
[4794, 4827]
[4794, 4828]
[4794, 4829]
[4794, 4830]
[4794, 4831]
[4794, 4832]
[4794, 4833]
[4794, 4835]
[4794, 4837]
[4794, 4838]
[4794, 4839]
[4794, 4840]
[4794, 4841]
[4794, 4842]
[4794, 4843]
[4794, 4844]
[4794, 4845]
[4794, 4847]
[4794, 4848]
[4794, 4849]
[4794, 4850]
[4794, 4851]
[4794, 4852]
[4794, 4854]
[4794, 4855]
[4794, 4856]
[4794, 4857]
[4794, 4858]
[4794, 4865]
[4795, 4797]
[4795, 4799]
[4795, 4800]
[4795, 4801]
[4795, 4802]
[4795, 4803]
[4795, 4804]
[4795, 4806]
[4795, 4809]
[4795, 4810]
[4795, 4811]
[4795, 4812]
[4795, 4813]
[4795, 4814]
[4795, 4816]
[4795, 4817]
[4795, 4818]
[4795, 4819]
[4795, 4820]
[4795, 4821]
[4795, 4822]
[4795, 4823]
[4795, 4824]
[4795, 4825]
[4795, 4827]
[4795, 4828]
[4795, 4829]
[4795, 4830]
[4795, 4831]
[4795, 4832]
[4795, 4833]
[4795, 4835]
[4795, 4837]
[4795, 4838]
[4795, 4839]
[4795, 4840]
[4795, 4841]
[4795, 4842]
[4795, 4843]
[4795, 4844]
[4795, 4845]
[4795, 4847]
[4795, 4848]
[4795, 4849]
[4795, 4850]
[4795, 4851]
[4795, 4852]
[4795, 4854]
[4795, 4855]
[4795, 4856]
[4795, 4857]
[4795, 4858]
[4795, 4865]
[4796, 4797]
[4796, 4799]
[4796, 4800]
[4796, 4801]
[4796, 4802]
[4796, 4803]
[4796, 4804]
[4796, 4806]
[4796, 4809]
[4796, 4810]
[4796, 4811]
[4796, 4812]
[4796, 4813]
[4796, 4814]
[4796, 4816]
[4796, 4817]
[4796, 4818]
[4796, 4819]
[4796, 4820]
[4796, 4821]
[4796, 4822]
[4796, 4823]
[4796, 4824]
[4796, 4825]
[4796, 4827]
[4796, 4828]
[4796, 4829]
[4796, 4830]
[4796, 4831]
[4796, 4832]
[4796, 4833]
[4796, 4835]
[4796, 4837]
[4796, 4838]
[4796, 4839]
[4796, 4840]
[4796, 4841]
[4796, 4842]
[4796, 4843]
[4796, 4844]
[4796, 4845]
[4796, 4847]
[4796, 4848]
[4796, 4849]
[4796, 4850]
[4796, 4851]
[4796, 4852]
[4796, 4854]
[4796, 4855]
[4796, 4856]
[4796, 4857]
[4796, 4858]
[4796, 4865]
[4797, 4799]
[4797, 4800]
[4797, 4801]
[4797, 4802]
[4797, 4803]
[4797, 4804]
[4797, 4806]
[4797, 4809]
[4797, 4810]
[4797, 4811]
[4797, 4812]
[4797, 4813]
[4797, 4814]
[4797, 4816]
[4797, 4817]
[4797, 4818]
[4797, 4819]
[4797, 4820]
[4797, 4821]
[4797, 4822]
[4797, 4823]
[4797, 4824]
[4797, 4825]
[4797, 4827]
[4797, 4828]
[4797, 4829]
[4797, 4830]
[4797, 4831]
[4797, 4832]
[4797, 4833]
[4797, 4835]
[4797, 4837]
[4797, 4838]
[4797, 4839]
[4797, 4840]
[4797, 4841]
[4797, 4842]
[4797, 4843]
[4797, 4844]
[4797, 4845]
[4797, 4847]
[4797, 4848]
[4797, 4849]
[4797, 4850]
[4797, 4851]
[4797, 4852]
[4797, 4854]
[4797, 4855]
[4797, 4856]
[4797, 4857]
[4797, 4858]
[4797, 4865]
[4798, 4799]
[4798, 4800]
[4798, 4801]
[4798, 4802]
[4798, 4803]
[4798, 4804]
[4798, 4806]
[4798, 4809]
[4798, 4810]
[4798, 4811]
[4798, 4812]
[4798, 4813]
[4798, 4814]
[4798, 4816]
[4798, 4817]
[4798, 4818]
[4798, 4819]
[4798, 4820]
[4798, 4821]
[4798, 4822]
[4798, 4823]
[4798, 4824]
[4798, 4825]
[4798, 4827]
[4798, 4828]
[4798, 4829]
[4798, 4830]
[4798, 4831]
[4798, 4832]
[4798, 4833]
[4798, 4835]
[4798, 4837]
[4798, 4838]
[4798, 4839]
[4798, 4840]
[4798, 4841]
[4798, 4842]
[4798, 4843]
[4798, 4844]
[4798, 4845]
[4798, 4847]
[4798, 4848]
[4798, 4849]
[4798, 4850]
[4798, 4851]
[4798, 4852]
[4798, 4854]
[4798, 4855]
[4798, 4856]
[4798, 4857]
[4798, 4858]
[4798, 4865]
[4799, 4804]
[4799, 4806]
[4799, 4809]
[4799, 4810]
[4799, 4811]
[4799, 4812]
[4799, 4813]
[4799, 4814]
[4799, 4816]
[4799, 4817]
[4799, 4818]
[4799, 4819]
[4799, 4820]
[4799, 4821]
[4799, 4822]
[4799, 4823]
[4799, 4824]
[4799, 4825]
[4799, 4827]
[4799, 4828]
[4799, 4829]
[4799, 4830]
[4799, 4831]
[4799, 4832]
[4799, 4833]
[4799, 4835]
[4799, 4837]
[4799, 4838]
[4799, 4839]
[4799, 4840]
[4799, 4841]
[4799, 4842]
[4799, 4843]
[4799, 4844]
[4799, 4845]
[4799, 4847]
[4799, 4848]
[4799, 4849]
[4799, 4850]
[4799, 4851]
[4799, 4852]
[4799, 4854]
[4799, 4855]
[4799, 4856]
[4799, 4857]
[4799, 4858]
[4799, 4865]
[4800, 4804]
[4800, 4806]
[4800, 4809]
[4800, 4810]
[4800, 4811]
[4800, 4812]
[4800, 4813]
[4800, 4814]
[4800, 4816]
[4800, 4817]
[4800, 4818]
[4800, 4819]
[4800, 4820]
[4800, 4821]
[4800, 4822]
[4800, 4823]
[4800, 4824]
[4800, 4825]
[4800, 4827]
[4800, 4828]
[4800, 4829]
[4800, 4830]
[4800, 4831]
[4800, 4832]
[4800, 4833]
[4800, 4835]
[4800, 4837]
[4800, 4838]
[4800, 4839]
[4800, 4840]
[4800, 4841]
[4800, 4842]
[4800, 4843]
[4800, 4844]
[4800, 4845]
[4800, 4847]
[4800, 4848]
[4800, 4849]
[4800, 4850]
[4800, 4851]
[4800, 4852]
[4800, 4854]
[4800, 4855]
[4800, 4856]
[4800, 4857]
[4800, 4858]
[4800, 4865]
[4801, 4804]
[4801, 4806]
[4801, 4809]
[4801, 4810]
[4801, 4811]
[4801, 4812]
[4801, 4813]
[4801, 4814]
[4801, 4816]
[4801, 4817]
[4801, 4818]
[4801, 4819]
[4801, 4820]
[4801, 4821]
[4801, 4822]
[4801, 4823]
[4801, 4824]
[4801, 4825]
[4801, 4827]
[4801, 4828]
[4801, 4829]
[4801, 4830]
[4801, 4831]
[4801, 4832]
[4801, 4833]
[4801, 4835]
[4801, 4837]
[4801, 4838]
[4801, 4839]
[4801, 4840]
[4801, 4841]
[4801, 4842]
[4801, 4843]
[4801, 4844]
[4801, 4845]
[4801, 4847]
[4801, 4848]
[4801, 4849]
[4801, 4850]
[4801, 4851]
[4801, 4852]
[4801, 4854]
[4801, 4855]
[4801, 4856]
[4801, 4857]
[4801, 4858]
[4801, 4865]
[4802, 4804]
[4802, 4806]
[4802, 4809]
[4802, 4810]
[4802, 4811]
[4802, 4812]
[4802, 4813]
[4802, 4814]
[4802, 4816]
[4802, 4817]
[4802, 4818]
[4802, 4819]
[4802, 4820]
[4802, 4821]
[4802, 4822]
[4802, 4823]
[4802, 4824]
[4802, 4825]
[4802, 4827]
[4802, 4828]
[4802, 4829]
[4802, 4830]
[4802, 4831]
[4802, 4832]
[4802, 4833]
[4802, 4835]
[4802, 4837]
[4802, 4838]
[4802, 4839]
[4802, 4840]
[4802, 4841]
[4802, 4842]
[4802, 4843]
[4802, 4844]
[4802, 4845]
[4802, 4847]
[4802, 4848]
[4802, 4849]
[4802, 4850]
[4802, 4851]
[4802, 4852]
[4802, 4854]
[4802, 4855]
[4802, 4856]
[4802, 4857]
[4802, 4858]
[4802, 4865]
[4803, 4804]
[4803, 4806]
[4803, 4809]
[4803, 4810]
[4803, 4811]
[4803, 4812]
[4803, 4813]
[4803, 4814]
[4803, 4816]
[4803, 4817]
[4803, 4818]
[4803, 4819]
[4803, 4820]
[4803, 4821]
[4803, 4822]
[4803, 4823]
[4803, 4824]
[4803, 4825]
[4803, 4827]
[4803, 4828]
[4803, 4829]
[4803, 4830]
[4803, 4831]
[4803, 4832]
[4803, 4833]
[4803, 4835]
[4803, 4837]
[4803, 4838]
[4803, 4839]
[4803, 4840]
[4803, 4841]
[4803, 4842]
[4803, 4843]
[4803, 4844]
[4803, 4845]
[4803, 4847]
[4803, 4848]
[4803, 4849]
[4803, 4850]
[4803, 4851]
[4803, 4852]
[4803, 4854]
[4803, 4855]
[4803, 4856]
[4803, 4857]
[4803, 4858]
[4803, 4865]
[4804, 4806]
[4804, 4809]
[4804, 4810]
[4804, 4811]
[4804, 4812]
[4804, 4813]
[4804, 4814]
[4804, 4816]
[4804, 4817]
[4804, 4818]
[4804, 4819]
[4804, 4820]
[4804, 4821]
[4804, 4822]
[4804, 4823]
[4804, 4824]
[4804, 4825]
[4804, 4827]
[4804, 4828]
[4804, 4829]
[4804, 4830]
[4804, 4831]
[4804, 4832]
[4804, 4839]
[4804, 4840]
[4804, 4841]
[4804, 4842]
[4804, 4843]
[4804, 4844]
[4804, 4845]
[4804, 4847]
[4804, 4848]
[4804, 4849]
[4804, 4850]
[4804, 4851]
[4804, 4852]
[4804, 4854]
[4804, 4855]
[4804, 4856]
[4804, 4857]
[4804, 4858]
[4804, 4865]
[4806, 4809]
[4806, 4810]
[4806, 4811]
[4806, 4812]
[4806, 4813]
[4806, 4814]
[4806, 4816]
[4806, 4817]
[4806, 4818]
[4806, 4819]
[4806, 4820]
[4806, 4821]
[4806, 4822]
[4806, 4823]
[4806, 4824]
[4806, 4825]
[4806, 4827]
[4806, 4828]
[4806, 4829]
[4806, 4830]
[4806, 4831]
[4806, 4839]
[4806, 4840]
[4806, 4841]
[4806, 4842]
[4806, 4843]
[4806, 4844]
[4806, 4845]
[4806, 4847]
[4806, 4848]
[4806, 4849]
[4806, 4850]
[4806, 4851]
[4806, 4852]
[4806, 4854]
[4806, 4855]
[4806, 4856]
[4806, 4857]
[4806, 4858]
[4806, 4865]
[4807, 4836]
[4807, 4862]
[4808, 4836]
[4808, 4862]
[4809, 4813]
[4809, 4814]
[4809, 4816]
[4809, 4817]
[4809, 4825]
[4809, 4827]
[4809, 4828]
[4809, 4829]
[4809, 4830]
[4809, 4831]
[4809, 4839]
[4809, 4840]
[4809, 4841]
[4809, 4842]
[4809, 4843]
[4809, 4844]
[4809, 4845]
[4809, 4847]
[4809, 4848]
[4809, 4849]
[4809, 4850]
[4809, 4851]
[4809, 4852]
[4809, 4854]
[4809, 4855]
[4809, 4856]
[4809, 4857]
[4809, 4858]
[4809, 4865]
[4810, 4813]
[4810, 4814]
[4810, 4816]
[4810, 4817]
[4810, 4818]
[4810, 4820]
[4810, 4821]
[4810, 4822]
[4810, 4823]
[4810, 4824]
[4810, 4825]
[4810, 4827]
[4810, 4828]
[4810, 4829]
[4810, 4830]
[4810, 4831]
[4810, 4839]
[4810, 4840]
[4810, 4841]
[4810, 4842]
[4810, 4843]
[4810, 4844]
[4810, 4845]
[4810, 4847]
[4810, 4848]
[4810, 4849]
[4810, 4850]
[4810, 4851]
[4810, 4852]
[4810, 4854]
[4810, 4855]
[4810, 4856]
[4810, 4857]
[4810, 4858]
[4810, 4865]
[4811, 4813]
[4811, 4814]
[4811, 4816]
[4811, 4817]
[4811, 4818]
[4811, 4823]
[4811, 4824]
[4811, 4825]
[4811, 4827]
[4811, 4828]
[4811, 4829]
[4811, 4830]
[4811, 4831]
[4811, 4839]
[4811, 4840]
[4811, 4841]
[4811, 4842]
[4811, 4843]
[4811, 4844]
[4811, 4845]
[4811, 4847]
[4811, 4848]
[4811, 4849]
[4811, 4850]
[4811, 4851]
[4811, 4852]
[4811, 4854]
[4811, 4855]
[4811, 4856]
[4811, 4857]
[4811, 4858]
[4811, 4865]
[4812, 4813]
[4812, 4814]
[4812, 4816]
[4812, 4817]
[4812, 4818]
[4812, 4823]
[4812, 4824]
[4812, 4825]
[4812, 4827]
[4812, 4828]
[4812, 4829]
[4812, 4830]
[4812, 4831]
[4812, 4839]
[4812, 4840]
[4812, 4841]
[4812, 4842]
[4812, 4843]
[4812, 4844]
[4812, 4845]
[4812, 4847]
[4812, 4848]
[4812, 4849]
[4812, 4850]
[4812, 4851]
[4812, 4852]
[4812, 4854]
[4812, 4855]
[4812, 4856]
[4812, 4857]
[4812, 4858]
[4812, 4865]
[4813, 4818]
[4813, 4820]
[4813, 4821]
[4813, 4822]
[4813, 4823]
[4813, 4824]
[4813, 4825]
[4813, 4827]
[4813, 4828]
[4813, 4829]
[4813, 4830]
[4813, 4831]
[4813, 4839]
[4813, 4840]
[4813, 4841]
[4813, 4842]
[4813, 4843]
[4813, 4844]
[4813, 4845]
[4813, 4847]
[4813, 4848]
[4813, 4849]
[4813, 4850]
[4813, 4851]
[4813, 4852]
[4813, 4854]
[4813, 4855]
[4813, 4856]
[4813, 4857]
[4813, 4858]
[4813, 4865]
[4814, 4818]
[4814, 4819]
[4814, 4820]
[4814, 4821]
[4814, 4822]
[4814, 4823]
[4814, 4824]
[4814, 4839]
[4814, 4840]
[4814, 4841]
[4814, 4842]
[4814, 4843]
[4814, 4844]
[4814, 4845]
[4814, 4847]
[4814, 4848]
[4814, 4849]
[4814, 4850]
[4814, 4851]
[4814, 4852]
[4814, 4854]
[4814, 4855]
[4814, 4856]
[4814, 4857]
[4814, 4858]
[4814, 4865]
[4816, 4818]
[4816, 4820]
[4816, 4821]
[4816, 4822]
[4816, 4823]
[4816, 4824]
[4816, 4825]
[4816, 4827]
[4816, 4828]
[4816, 4829]
[4816, 4830]
[4816, 4831]
[4816, 4839]
[4816, 4840]
[4816, 4841]
[4816, 4842]
[4816, 4843]
[4816, 4844]
[4816, 4845]
[4816, 4847]
[4816, 4848]
[4816, 4849]
[4816, 4850]
[4816, 4851]
[4816, 4852]
[4816, 4854]
[4816, 4855]
[4816, 4856]
[4816, 4857]
[4816, 4858]
[4816, 4865]
[4817, 4825]
[4817, 4827]
[4817, 4828]
[4817, 4829]
[4817, 4830]
[4817, 4831]
[4817, 4839]
[4817, 4840]
[4817, 4841]
[4817, 4842]
[4817, 4843]
[4817, 4844]
[4817, 4845]
[4817, 4847]
[4817, 4848]
[4817, 4849]
[4817, 4850]
[4817, 4851]
[4817, 4852]
[4817, 4854]
[4817, 4855]
[4817, 4856]
[4817, 4857]
[4817, 4858]
[4817, 4865]
[4818, 4819]
[4818, 4820]
[4818, 4821]
[4818, 4822]
[4818, 4823]
[4818, 4824]
[4818, 4825]
[4818, 4827]
[4818, 4828]
[4818, 4829]
[4818, 4830]
[4818, 4831]
[4818, 4839]
[4818, 4840]
[4818, 4841]
[4818, 4842]
[4818, 4843]
[4818, 4844]
[4818, 4845]
[4818, 4847]
[4818, 4848]
[4818, 4849]
[4818, 4850]
[4818, 4851]
[4818, 4852]
[4818, 4854]
[4818, 4855]
[4818, 4856]
[4818, 4857]
[4818, 4858]
[4818, 4865]
[4819, 4820]
[4819, 4822]
[4819, 4824]
[4819, 4825]
[4819, 4827]
[4819, 4828]
[4819, 4829]
[4819, 4830]
[4819, 4831]
[4819, 4839]
[4819, 4840]
[4819, 4841]
[4819, 4842]
[4819, 4843]
[4819, 4844]
[4819, 4845]
[4819, 4847]
[4819, 4848]
[4819, 4849]
[4819, 4850]
[4819, 4851]
[4819, 4852]
[4819, 4854]
[4819, 4855]
[4819, 4856]
[4819, 4857]
[4819, 4858]
[4819, 4865]
[4820, 4822]
[4820, 4824]
[4820, 4825]
[4820, 4827]
[4820, 4828]
[4820, 4829]
[4820, 4830]
[4820, 4831]
[4820, 4839]
[4820, 4840]
[4820, 4841]
[4820, 4842]
[4820, 4843]
[4820, 4844]
[4820, 4845]
[4820, 4847]
[4820, 4848]
[4820, 4849]
[4820, 4850]
[4820, 4851]
[4820, 4852]
[4820, 4854]
[4820, 4855]
[4820, 4856]
[4820, 4857]
[4820, 4858]
[4820, 4865]
[4821, 4822]
[4821, 4824]
[4821, 4825]
[4821, 4827]
[4821, 4828]
[4821, 4829]
[4821, 4830]
[4821, 4831]
[4821, 4839]
[4821, 4840]
[4821, 4841]
[4821, 4842]
[4821, 4843]
[4821, 4844]
[4821, 4845]
[4821, 4847]
[4821, 4848]
[4821, 4849]
[4821, 4850]
[4821, 4851]
[4821, 4852]
[4821, 4854]
[4821, 4855]
[4821, 4856]
[4821, 4857]
[4821, 4858]
[4821, 4865]
[4822, 4824]
[4822, 4825]
[4822, 4827]
[4822, 4828]
[4822, 4829]
[4822, 4830]
[4822, 4831]
[4822, 4839]
[4822, 4840]
[4822, 4841]
[4822, 4842]
[4822, 4843]
[4822, 4844]
[4822, 4845]
[4822, 4847]
[4822, 4848]
[4822, 4849]
[4822, 4850]
[4822, 4851]
[4822, 4852]
[4822, 4854]
[4822, 4855]
[4822, 4856]
[4822, 4857]
[4822, 4858]
[4822, 4865]
[4823, 4824]
[4823, 4825]
[4823, 4827]
[4823, 4828]
[4823, 4829]
[4823, 4830]
[4823, 4831]
[4823, 4839]
[4823, 4840]
[4823, 4841]
[4823, 4842]
[4823, 4843]
[4823, 4844]
[4823, 4845]
[4823, 4847]
[4823, 4848]
[4823, 4849]
[4823, 4850]
[4823, 4851]
[4823, 4852]
[4823, 4854]
[4823, 4855]
[4823, 4856]
[4823, 4857]
[4823, 4858]
[4823, 4865]
[4824, 4825]
[4824, 4827]
[4824, 4828]
[4824, 4829]
[4824, 4830]
[4824, 4831]
[4824, 4839]
[4824, 4840]
[4824, 4841]
[4824, 4842]
[4824, 4843]
[4824, 4844]
[4824, 4845]
[4824, 4847]
[4824, 4848]
[4824, 4849]
[4824, 4850]
[4824, 4851]
[4824, 4852]
[4824, 4854]
[4824, 4855]
[4824, 4856]
[4824, 4857]
[4824, 4858]
[4824, 4865]
[4825, 4827]
[4825, 4828]
[4825, 4829]
[4825, 4830]
[4825, 4831]
[4825, 4839]
[4825, 4840]
[4825, 4841]
[4825, 4842]
[4825, 4843]
[4825, 4844]
[4825, 4845]
[4825, 4847]
[4825, 4848]
[4825, 4849]
[4825, 4850]
[4825, 4851]
[4825, 4852]
[4825, 4854]
[4825, 4855]
[4825, 4856]
[4825, 4857]
[4825, 4858]
[4825, 4865]
[4827, 4829]
[4827, 4831]
[4827, 4839]
[4827, 4840]
[4827, 4841]
[4827, 4842]
[4827, 4843]
[4827, 4844]
[4827, 4845]
[4827, 4847]
[4827, 4848]
[4827, 4849]
[4827, 4850]
[4827, 4851]
[4827, 4852]
[4827, 4854]
[4827, 4855]
[4827, 4856]
[4827, 4857]
[4827, 4858]
[4827, 4865]
[4828, 4829]
[4828, 4831]
[4828, 4839]
[4828, 4840]
[4828, 4841]
[4828, 4842]
[4828, 4843]
[4828, 4844]
[4828, 4845]
[4828, 4847]
[4828, 4848]
[4828, 4849]
[4828, 4850]
[4828, 4851]
[4828, 4852]
[4828, 4854]
[4828, 4855]
[4828, 4856]
[4828, 4857]
[4828, 4858]
[4828, 4865]
[4829, 4831]
[4829, 4839]
[4829, 4840]
[4829, 4841]
[4829, 4842]
[4829, 4843]
[4829, 4844]
[4829, 4845]
[4829, 4847]
[4829, 4848]
[4829, 4849]
[4829, 4850]
[4829, 4851]
[4829, 4852]
[4829, 4854]
[4829, 4855]
[4829, 4856]
[4829, 4857]
[4829, 4858]
[4829, 4865]
[4830, 4831]
[4830, 4839]
[4830, 4840]
[4830, 4841]
[4830, 4842]
[4830, 4843]
[4830, 4844]
[4830, 4845]
[4830, 4847]
[4830, 4848]
[4830, 4849]
[4830, 4850]
[4830, 4851]
[4830, 4852]
[4830, 4854]
[4830, 4855]
[4830, 4856]
[4830, 4857]
[4830, 4858]
[4830, 4865]
[4831, 4839]
[4831, 4840]
[4831, 4841]
[4831, 4842]
[4831, 4843]
[4831, 4844]
[4831, 4845]
[4831, 4847]
[4831, 4848]
[4831, 4849]
[4831, 4850]
[4831, 4851]
[4831, 4852]
[4831, 4854]
[4831, 4855]
[4831, 4856]
[4831, 4857]
[4831, 4858]
[4831, 4865]
[4832, 4836]
[4832, 4839]
[4832, 4840]
[4832, 4841]
[4832, 4842]
[4832, 4843]
[4832, 4844]
[4832, 4845]
[4832, 4847]
[4832, 4848]
[4832, 4849]
[4832, 4850]
[4832, 4851]
[4832, 4852]
[4832, 4854]
[4832, 4855]
[4832, 4856]
[4832, 4857]
[4832, 4858]
[4832, 4862]
[4832, 4865]
[4833, 4839]
[4833, 4840]
[4833, 4841]
[4833, 4842]
[4833, 4843]
[4833, 4844]
[4833, 4845]
[4833, 4847]
[4833, 4848]
[4833, 4849]
[4833, 4850]
[4833, 4851]
[4833, 4852]
[4833, 4854]
[4833, 4855]
[4833, 4856]
[4833, 4857]
[4833, 4858]
[4833, 4862]
[4833, 4865]
[4835, 4839]
[4835, 4840]
[4835, 4841]
[4835, 4842]
[4835, 4843]
[4835, 4844]
[4835, 4845]
[4835, 4847]
[4835, 4848]
[4835, 4849]
[4835, 4850]
[4835, 4851]
[4835, 4852]
[4835, 4854]
[4835, 4855]
[4835, 4856]
[4835, 4857]
[4835, 4858]
[4835, 4862]
[4835, 4865]
[4836, 4862]
[4837, 4839]
[4837, 4840]
[4837, 4841]
[4837, 4842]
[4837, 4843]
[4837, 4844]
[4837, 4845]
[4837, 4847]
[4837, 4848]
[4837, 4849]
[4837, 4850]
[4837, 4851]
[4837, 4852]
[4837, 4854]
[4837, 4855]
[4837, 4856]
[4837, 4857]
[4837, 4858]
[4837, 4862]
[4837, 4865]
[4838, 4839]
[4838, 4840]
[4838, 4841]
[4838, 4842]
[4838, 4843]
[4838, 4844]
[4838, 4845]
[4838, 4847]
[4838, 4848]
[4838, 4849]
[4838, 4850]
[4838, 4851]
[4838, 4852]
[4838, 4854]
[4838, 4855]
[4838, 4856]
[4838, 4857]
[4838, 4858]
[4838, 4862]
[4838, 4865]
[4839, 4840]
[4839, 4841]
[4839, 4842]
[4839, 4843]
[4839, 4844]
[4839, 4845]
[4839, 4847]
[4839, 4848]
[4839, 4849]
[4839, 4850]
[4839, 4851]
[4839, 4852]
[4839, 4854]
[4839, 4855]
[4839, 4856]
[4839, 4857]
[4839, 4858]
[4839, 4865]
[4840, 4844]
[4840, 4845]
[4840, 4847]
[4840, 4848]
[4840, 4850]
[4840, 4852]
[4840, 4854]
[4840, 4855]
[4840, 4856]
[4840, 4857]
[4840, 4858]
[4840, 4865]
[4841, 4844]
[4841, 4845]
[4841, 4847]
[4841, 4848]
[4841, 4849]
[4841, 4850]
[4841, 4852]
[4841, 4854]
[4841, 4855]
[4841, 4856]
[4841, 4857]
[4841, 4858]
[4841, 4865]
[4842, 4844]
[4842, 4845]
[4842, 4847]
[4842, 4848]
[4842, 4849]
[4842, 4850]
[4842, 4852]
[4842, 4854]
[4842, 4855]
[4842, 4856]
[4842, 4857]
[4842, 4858]
[4842, 4865]
[4843, 4844]
[4843, 4845]
[4843, 4847]
[4843, 4848]
[4843, 4849]
[4843, 4850]
[4843, 4852]
[4843, 4854]
[4843, 4855]
[4843, 4856]
[4843, 4857]
[4843, 4858]
[4843, 4865]
[4844, 4849]
[4844, 4850]
[4844, 4852]
[4844, 4854]
[4844, 4855]
[4844, 4856]
[4844, 4857]
[4844, 4858]
[4844, 4865]
[4845, 4849]
[4845, 4852]
[4845, 4854]
[4845, 4855]
[4845, 4856]
[4845, 4857]
[4845, 4858]
[4845, 4865]
[4847, 4849]
[4847, 4850]
[4847, 4852]
[4847, 4854]
[4847, 4855]
[4847, 4856]
[4847, 4857]
[4847, 4858]
[4847, 4865]
[4848, 4850]
[4848, 4852]
[4848, 4854]
[4848, 4855]
[4848, 4856]
[4848, 4857]
[4848, 4858]
[4848, 4865]
[4849, 4850]
[4849, 4852]
[4849, 4854]
[4849, 4855]
[4849, 4856]
[4849, 4857]
[4849, 4858]
[4849, 4865]
[4850, 4852]
[4850, 4854]
[4850, 4855]
[4850, 4856]
[4850, 4857]
[4850, 4858]
[4850, 4865]
[4851, 4852]
[4851, 4854]
[4851, 4855]
[4851, 4856]
[4851, 4857]
[4851, 4858]
[4851, 4865]
[4852, 4857]
[4852, 4865]
[4854, 4865]
[4855, 4857]
[4856, 4857]
[4856, 4865]
[4857, 4865]
[4858, 4865]
[4859, 4865]
[4861, 4865]
[4863, 4865]
[4864, 4865]
[4875, 4878]
[4908, 4973]
[4908, 4976]
[4908, 4978]
[4914, 4958]
[4914, 4960]
[4914, 4996]
[4928, 4931]
[4934, 4940]
[4935, 4940]
[4936, 4940]
[4937, 4940]
[4973, 4978]
[4988, 4993]
[4989, 4993]
[4990, 4993]
[4991, 4994]
[5000, 5003]
[5006, 5012]
[5009, 5012]
[5018, 5021]
[5024, 5029]
[5027, 5030]
[5042, 5048]
[5045, 5048]
[5060, 5065]
[5063, 5066]
[5079, 5089]
[5092, 5097]
[5095, 5100]
[5102, 5107]
[5105, 5110]
[5121, 5125]
[5121, 5126]
[5122, 5125]
[5122, 5126]
[5132, 5137]
[5135, 5140]
[5138, 5146]
[5140, 5146]
[5149, 5154]
[5152, 5157]
[5159, 5164]
[5162, 5164]
[5172, 5174]
[5172, 5175]
[5189, 5194]
[5192, 5194]
[5199, 5204]
[5202, 5207]
[5218, 5222]
[5218, 5223]
[5219, 5222]
[5219, 5223]
[5229, 5234]
[5232, 5234]
[5236, 5243]
[5237, 5243]
[5246, 5251]
[5249, 5251]
[5256, 5261]
[5259, 5261]
