[34, 35]
[82, 92]
[83, 92]
[84, 86]
[84, 87]
[84, 88]
[84, 89]
[84, 91]
[85, 92]
[86, 91]
[86, 92]
[87, 91]
[87, 92]
[88, 92]
[89, 91]
[89, 92]
[91, 92]
[99, 100]
[133, 134]
[134, 135]
[134, 138]
[171, 179]
[172, 179]
[173, 179]
[174, 179]
[175, 180]
[178, 180]
[212, 217]
[213, 217]
[214, 217]
[221, 230]
[221, 291]
[222, 231]
[222, 234]
[222, 292]
[224, 233]
[224, 237]
[224, 238]
[224, 292]
[225, 231]
[225, 234]
[225, 292]
[226, 235]
[228, 233]
[228, 237]
[228, 238]
[228, 292]
[229, 233]
[229, 237]
[229, 238]
[229, 292]
[231, 292]
[233, 292]
[234, 292]
[237, 292]
[238, 292]
[242, 243]
[242, 258]
[242, 259]
[242, 260]
[242, 261]
[247, 264]
[247, 265]
[247, 279]
[247, 280]
[254, 262]
[254, 263]
[255, 262]
[255, 263]
[258, 259]
[258, 260]
[264, 279]
[264, 280]
[265, 279]
[265, 280]
[276, 277]
[281, 286]
[281, 287]
[281, 288]
[282, 286]
[282, 287]
[282, 288]
[283, 286]
[283, 287]
[283, 288]
[284, 285]
[293, 294]
[294, 389]
[294, 390]
[297, 332]
[297, 337]
[297, 338]
[297, 339]
[297, 342]
[299, 314]
[299, 316]
[299, 317]
[299, 319]
[301, 332]
[301, 337]
[301, 338]
[301, 339]
[301, 342]
[308, 309]
[313, 342]
[320, 342]
[321, 330]
[321, 340]
[321, 341]
[323, 340]
[323, 341]
[325, 330]
[325, 340]
[325, 341]
[326, 340]
[326, 341]
[327, 340]
[327, 341]
[328, 340]
[328, 341]
[330, 340]
[330, 341]
[331, 340]
[331, 341]
[332, 337]
[332, 338]
[332, 339]
[337, 339]
[338, 339]
[350, 352]
[350, 353]
[350, 355]
[350, 365]
[350, 385]
[352, 356]
[352, 365]
[352, 385]
[353, 356]
[353, 365]
[353, 385]
[355, 356]
[355, 365]
[355, 385]
[358, 359]
[358, 361]
[358, 366]
[359, 360]
[359, 361]
[359, 362]
[359, 364]
[359, 366]
[375, 377]
[380, 382]
[381, 382]
[392, 407]
[395, 396]
[395, 399]
[395, 400]
[395, 401]
[396, 401]
[398, 407]
[398, 409]
[398, 423]
[399, 401]
[400, 401]
[403, 407]
[403, 409]
[403, 423]
[404, 407]
[404, 409]
[404, 423]
[406, 407]
[407, 409]
[407, 423]
[408, 416]
[408, 418]
[411, 416]
[411, 418]
[412, 416]
[412, 418]
[424, 428]
[424, 429]
[424, 430]
[424, 432]
[426, 428]
[426, 430]
[426, 432]
[427, 428]
[427, 430]
[427, 432]
[434, 435]
[434, 443]
[434, 444]
[434, 445]
[434, 447]
[434, 452]
[435, 443]
[435, 444]
[435, 445]
[435, 447]
[435, 452]
[436, 443]
[436, 444]
[436, 445]
[436, 447]
[436, 452]
[437, 442]
[437, 443]
[437, 444]
[437, 445]
[437, 447]
[437, 449]
[437, 450]
[437, 452]
[439, 443]
[439, 444]
[439, 445]
[439, 447]
[439, 449]
[439, 450]
[439, 452]
[441, 447]
[441, 449]
[441, 450]
[441, 452]
[442, 447]
[442, 452]
[443, 452]
[444, 452]
[445, 452]
[446, 447]
[446, 452]
[453, 458]
[453, 459]
[453, 461]
[454, 458]
[454, 459]
[454, 461]
[455, 458]
[455, 459]
[455, 461]
[456, 458]
[456, 459]
[456, 461]
[457, 458]
[457, 459]
[457, 461]
[464, 469]
[466, 469]
[468, 469]
[477, 481]
[478, 481]
[479, 481]
[483, 625]
[484, 626]
[488, 629]
[489, 630]
[490, 631]
[491, 628]
[491, 632]
[499, 716]
[504, 512]
[505, 512]
[516, 521]
[518, 521]
[519, 521]
[520, 521]
[523, 532]
[524, 532]
[525, 532]
[534, 535]
[534, 537]
[534, 538]
[534, 570]
[535, 727]
[537, 727]
[538, 727]
[550, 551]
[550, 553]
[570, 727]
[607, 614]
[608, 614]
[639, 641]
[639, 642]
[644, 645]
[644, 646]
[644, 649]
[644, 650]
[644, 651]
[644, 652]
[644, 653]
[644, 654]
[644, 655]
[644, 656]
[645, 646]
[645, 650]
[645, 651]
[645, 652]
[645, 653]
[645, 654]
[645, 656]
[646, 650]
[646, 651]
[646, 652]
[646, 653]
[646, 654]
[646, 656]
[647, 648]
[649, 650]
[649, 651]
[649, 652]
[649, 653]
[649, 654]
[649, 656]
[650, 651]
[650, 653]
[650, 654]
[650, 656]
[651, 653]
[651, 654]
[651, 656]
[652, 653]
[652, 654]
[652, 656]
[653, 656]
[654, 656]
[655, 656]
[695, 716]
[704, 723]
[716, 726]
[731, 736]
[731, 737]
[733, 736]
[733, 737]
[734, 736]
[734, 737]
[735, 736]
[735, 737]
[735, 746]
[736, 746]
[737, 746]
[738, 742]
[738, 743]
[738, 744]
[739, 742]
[739, 743]
[739, 744]
[739, 746]
[740, 742]
[740, 743]
[740, 744]
[740, 746]
[741, 742]
[741, 743]
[741, 744]
[755, 760]
[758, 760]
[761, 785]
[763, 764]
[765, 766]
[765, 767]
[765, 768]
[765, 769]
[765, 770]
[778, 782]
[779, 787]
[782, 787]
[783, 787]
[784, 787]
[785, 787]
[803, 827]
[810, 811]
[831, 864]
[831, 865]
[831, 866]
[831, 869]
[831, 870]
[864, 882]
[865, 882]
[866, 882]
[869, 882]
[870, 882]
[905, 915]
[905, 916]
[906, 915]
[906, 916]
[907, 915]
[907, 916]
[908, 915]
[908, 916]
[915, 916]
[941, 942]
[942, 943]
[942, 993]
[943, 993]
[947, 948]
[954, 955]
[957, 958]
[970, 975]
[970, 976]
[970, 978]
[972, 975]
[972, 976]
[973, 975]
[973, 976]
[981, 990]
[982, 990]
[983, 990]
[1013, 1021]
[1014, 1021]
[1015, 1021]
[1016, 1021]
[1039, 1040]
[1041, 1042]
[1041, 1043]
[1042, 1043]
[1044, 1045]
[1047, 1049]
[1080, 1081]
