[4, 5]
[4, 638]
[5, 638]
[8, 9]
[11, 12]
[18, 20]
[22, 27]
[23, 24]
[23, 25]
[23, 26]
[24, 25]
[24, 26]
[25, 26]
[28, 48]
[29, 49]
[41, 43]
[41, 44]
[42, 43]
[45, 47]
[54, 55]
[60, 61]
[63, 64]
[65, 66]
[73, 74]
[73, 75]
[74, 75]
[80, 82]
[80, 83]
[80, 84]
[80, 85]
[80, 86]
[80, 87]
[80, 88]
[80, 89]
[80, 91]
[80, 92]
[80, 93]
[80, 94]
[80, 95]
[82, 83]
[82, 84]
[82, 85]
[82, 91]
[82, 93]
[82, 94]
[82, 95]
[83, 84]
[83, 85]
[83, 91]
[83, 93]
[83, 94]
[83, 95]
[84, 85]
[84, 92]
[84, 93]
[84, 94]
[84, 95]
[85, 86]
[85, 87]
[85, 88]
[85, 89]
[85, 91]
[85, 93]
[85, 94]
[85, 95]
[86, 87]
[86, 88]
[86, 89]
[86, 93]
[86, 94]
[86, 95]
[87, 88]
[87, 89]
[87, 93]
[87, 94]
[87, 95]
[88, 89]
[88, 91]
[88, 93]
[88, 94]
[88, 95]
[89, 93]
[89, 94]
[89, 95]
[91, 93]
[91, 94]
[91, 95]
[92, 93]
[92, 94]
[92, 95]
[93, 94]
[93, 95]
[94, 95]
[102, 103]
[105, 148]
[107, 109]
[107, 111]
[109, 111]
[113, 187]
[113, 188]
[113, 190]
[113, 192]
[113, 193]
[114, 116]
[114, 117]
[114, 118]
[114, 119]
[116, 119]
[117, 118]
[117, 119]
[118, 120]
[123, 124]
[123, 125]
[123, 127]
[125, 127]
[128, 130]
[128, 131]
[128, 132]
[131, 132]
[132, 133]
[135, 136]
[135, 138]
[135, 139]
[135, 144]
[135, 145]
[136, 140]
[136, 141]
[136, 142]
[136, 143]
[136, 144]
[136, 145]
[138, 139]
[138, 144]
[138, 145]
[140, 141]
[140, 142]
[140, 143]
[140, 144]
[140, 145]
[141, 142]
[141, 143]
[141, 144]
[141, 145]
[142, 143]
[142, 144]
[142, 145]
[143, 144]
[143, 145]
[144, 145]
[149, 151]
[150, 152]
[150, 153]
[150, 154]
[152, 153]
[152, 154]
[153, 154]
[155, 159]
[157, 159]
[162, 163]
[164, 165]
[171, 172]
[171, 173]
[171, 174]
[172, 173]
[172, 174]
[173, 174]
[175, 176]
[175, 178]
[175, 179]
[175, 185]
[175, 186]
[176, 185]
[176, 186]
[178, 179]
[178, 185]
[178, 186]
[181, 182]
[181, 183]
[181, 184]
[182, 183]
[182, 184]
[183, 184]
[185, 186]
[187, 188]
[187, 190]
[187, 192]
[187, 193]
[188, 190]
[188, 191]
[188, 192]
[188, 193]
[190, 191]
[190, 192]
[190, 193]
[192, 193]
[194, 195]
[194, 197]
[194, 199]
[194, 200]
[195, 197]
[195, 199]
[195, 200]
[197, 199]
[197, 200]
[199, 200]
[204, 209]
[212, 213]
[212, 214]
[212, 216]
[212, 218]
[213, 218]
[214, 216]
[214, 218]
[217, 218]
[219, 287]
[219, 288]
[219, 289]
[222, 224]
[222, 225]
[222, 226]
[222, 228]
[222, 229]
[224, 228]
[224, 229]
[225, 226]
[225, 228]
[225, 229]
[228, 229]
[230, 291]
[231, 233]
[231, 234]
[231, 235]
[231, 237]
[231, 238]
[233, 237]
[233, 238]
[234, 235]
[234, 237]
[234, 238]
[237, 238]
[239, 240]
[242, 244]
[243, 244]
[243, 258]
[243, 259]
[243, 260]
[243, 261]
[244, 258]
[244, 259]
[244, 260]
[244, 261]
[245, 248]
[245, 267]
[245, 268]
[246, 247]
[248, 267]
[248, 268]
[249, 250]
[249, 251]
[249, 252]
[250, 251]
[250, 252]
[251, 252]
[254, 255]
[258, 261]
[259, 260]
[259, 261]
[260, 261]
[262, 263]
[264, 265]
[267, 268]
[269, 270]
[269, 272]
[269, 273]
[272, 273]
[274, 276]
[274, 277]
[274, 278]
[276, 278]
[277, 278]
[279, 280]
[281, 282]
[281, 283]
[281, 284]
[282, 283]
[282, 284]
[283, 284]
[287, 288]
[287, 289]
[288, 289]
[293, 389]
[293, 390]
[295, 296]
[297, 301]
[298, 299]
[302, 304]
[302, 306]
[304, 306]
[307, 308]
[307, 309]
[307, 311]
[307, 312]
[308, 311]
[308, 312]
[309, 311]
[309, 312]
[311, 312]
[313, 320]
[314, 315]
[314, 316]
[314, 317]
[314, 319]
[316, 317]
[316, 319]
[317, 319]
[321, 323]
[321, 325]
[321, 331]
[323, 325]
[323, 326]
[323, 327]
[323, 328]
[323, 330]
[323, 331]
[325, 331]
[326, 327]
[326, 328]
[326, 329]
[326, 330]
[326, 331]
[327, 328]
[327, 329]
[327, 330]
[327, 331]
[328, 329]
[328, 330]
[328, 331]
[330, 331]
[332, 342]
[333, 334]
[333, 335]
[333, 336]
[335, 336]
[337, 338]
[337, 342]
[338, 342]
[339, 342]
[340, 341]
[343, 344]
[343, 345]
[343, 347]
[343, 349]
[344, 349]
[345, 347]
[345, 349]
[347, 350]
[347, 352]
[347, 353]
[347, 355]
[347, 358]
[347, 359]
[347, 360]
[347, 361]
[347, 362]
[347, 365]
[347, 366]
[347, 385]
[352, 353]
[352, 354]
[352, 355]
[352, 357]
[353, 354]
[353, 355]
[353, 357]
[354, 356]
[354, 357]
[355, 357]
[356, 357]
[358, 385]
[359, 385]
[360, 362]
[360, 364]
[361, 362]
[361, 364]
[361, 366]
[361, 385]
[362, 364]
[364, 384]
[365, 385]
[366, 385]
[367, 369]
[367, 370]
[367, 372]
[367, 373]
[367, 374]
[367, 375]
[367, 377]
[367, 382]
[367, 383]
[369, 370]
[369, 372]
[369, 373]
[369, 374]
[369, 375]
[369, 377]
[369, 382]
[369, 383]
[370, 372]
[370, 373]
[370, 374]
[370, 375]
[370, 377]
[370, 382]
[370, 383]
[372, 373]
[372, 374]
[372, 375]
[372, 383]
[373, 374]
[373, 375]
[373, 382]
[373, 383]
[374, 375]
[374, 382]
[374, 383]
[375, 382]
[375, 383]
[376, 377]
[376, 378]
[376, 380]
[376, 383]
[377, 382]
[377, 383]
[378, 380]
[378, 383]
[380, 383]
[381, 383]
[382, 383]
[386, 387]
[386, 388]
[387, 388]
[389, 390]
[391, 392]
[391, 394]
[391, 406]
[392, 399]
[392, 402]
[392, 405]
[392, 406]
[394, 406]
[395, 406]
[395, 408]
[395, 411]
[395, 412]
[395, 418]
[395, 424]
[395, 426]
[395, 427]
[395, 428]
[395, 430]
[395, 432]
[395, 433]
[396, 400]
[397, 398]
[398, 403]
[398, 404]
[398, 414]
[398, 415]
[398, 416]
[398, 419]
[398, 420]
[398, 421]
[398, 422]
[399, 400]
[399, 406]
[401, 406]
[401, 408]
[401, 411]
[401, 412]
[401, 418]
[401, 424]
[401, 426]
[401, 427]
[401, 428]
[401, 430]
[401, 432]
[401, 433]
[402, 403]
[402, 404]
[402, 405]
[402, 406]
[403, 404]
[403, 414]
[403, 415]
[403, 416]
[403, 419]
[403, 420]
[403, 421]
[403, 422]
[404, 414]
[404, 415]
[404, 416]
[404, 419]
[404, 420]
[404, 421]
[404, 422]
[405, 406]
[407, 415]
[407, 419]
[407, 420]
[407, 421]
[407, 422]
[408, 409]
[408, 411]
[408, 412]
[408, 423]
[408, 424]
[408, 426]
[408, 427]
[408, 428]
[408, 430]
[408, 432]
[408, 433]
[409, 414]
[409, 415]
[409, 416]
[409, 419]
[409, 420]
[409, 421]
[409, 422]
[409, 423]
[411, 412]
[411, 423]
[411, 424]
[411, 426]
[411, 427]
[411, 428]
[411, 430]
[411, 432]
[411, 433]
[412, 423]
[412, 424]
[412, 426]
[412, 427]
[412, 428]
[412, 430]
[412, 432]
[412, 433]
[414, 415]
[414, 416]
[414, 419]
[414, 420]
[414, 421]
[414, 422]
[414, 423]
[415, 416]
[415, 419]
[415, 420]
[415, 421]
[415, 422]
[415, 423]
[416, 419]
[416, 420]
[416, 421]
[416, 422]
[416, 423]
[418, 423]
[418, 424]
[418, 426]
[418, 427]
[418, 428]
[418, 430]
[418, 432]
[418, 433]
[419, 420]
[419, 421]
[419, 422]
[419, 423]
[420, 421]
[420, 422]
[420, 423]
[421, 422]
[421, 423]
[422, 423]
[424, 425]
[424, 426]
[424, 427]
[424, 433]
[426, 427]
[426, 433]
[427, 433]
[428, 429]
[428, 430]
[428, 431]
[428, 432]
[428, 433]
[429, 431]
[429, 449]
[429, 450]
[430, 431]
[430, 432]
[430, 433]
[432, 433]
[434, 436]
[434, 437]
[434, 439]
[434, 441]
[434, 442]
[434, 446]
[435, 436]
[435, 437]
[435, 439]
[435, 441]
[435, 442]
[435, 446]
[436, 437]
[436, 439]
[436, 441]
[436, 442]
[436, 446]
[437, 439]
[437, 441]
[437, 446]
[439, 441]
[439, 446]
[441, 446]
[442, 443]
[442, 444]
[442, 445]
[442, 446]
[443, 444]
[443, 445]
[443, 446]
[444, 445]
[444, 446]
[445, 446]
[447, 452]
[448, 453]
[448, 454]
[448, 455]
[448, 456]
[448, 457]
[448, 458]
[448, 459]
[448, 461]
[449, 450]
[449, 452]
[450, 452]
[453, 454]
[453, 455]
[453, 456]
[453, 457]
[454, 455]
[454, 456]
[454, 457]
[455, 456]
[455, 457]
[456, 457]
[458, 459]
[458, 461]
[459, 461]
[464, 466]
[464, 468]
[464, 470]
[464, 471]
[464, 477]
[464, 478]
[464, 479]
[464, 480]
[466, 468]
[466, 470]
[466, 471]
[466, 477]
[466, 478]
[466, 479]
[466, 480]
[468, 470]
[468, 471]
[468, 472]
[468, 474]
[468, 475]
[468, 477]
[468, 478]
[468, 479]
[468, 480]
[468, 481]
[468, 482]
[469, 470]
[471, 472]
[471, 474]
[471, 475]
[471, 482]
[472, 474]
[472, 475]
[472, 477]
[472, 478]
[472, 479]
[472, 480]
[472, 482]
[474, 475]
[474, 477]
[474, 478]
[474, 479]
[474, 480]
[474, 482]
[475, 477]
[475, 478]
[475, 479]
[475, 480]
[475, 482]
[477, 478]
[477, 479]
[477, 480]
[477, 482]
[478, 479]
[478, 480]
[478, 482]
[479, 480]
[479, 482]
[480, 482]
[481, 482]
[492, 1078]
[492, 1079]
[495, 496]
[499, 726]
[500, 722]
[503, 507]
[503, 509]
[503, 511]
[504, 505]
[507, 508]
[507, 509]
[507, 511]
[509, 511]
[516, 518]
[516, 519]
[516, 520]
[518, 519]
[518, 520]
[519, 520]
[522, 526]
[523, 524]
[525, 526]
[525, 527]
[525, 529]
[525, 531]
[527, 528]
[527, 529]
[527, 531]
[529, 531]
[534, 550]
[534, 551]
[534, 557]
[534, 558]
[534, 559]
[534, 560]
[534, 561]
[534, 562]
[534, 564]
[534, 565]
[534, 567]
[534, 568]
[534, 569]
[534, 727]
[535, 537]
[535, 538]
[535, 550]
[535, 551]
[535, 557]
[535, 558]
[535, 559]
[535, 560]
[535, 561]
[535, 562]
[535, 570]
[537, 538]
[537, 550]
[537, 551]
[537, 557]
[537, 558]
[537, 559]
[537, 560]
[537, 561]
[537, 562]
[537, 564]
[537, 565]
[537, 567]
[537, 568]
[537, 569]
[537, 570]
[538, 550]
[538, 551]
[538, 557]
[538, 558]
[538, 559]
[538, 560]
[538, 561]
[538, 562]
[538, 570]
[540, 541]
[540, 542]
[540, 543]
[540, 544]
[541, 543]
[542, 544]
[546, 571]
[546, 573]
[550, 557]
[550, 558]
[550, 559]
[550, 560]
[550, 561]
[550, 562]
[550, 565]
[550, 569]
[550, 570]
[550, 727]
[551, 552]
[551, 553]
[551, 554]
[551, 555]
[551, 557]
[551, 558]
[551, 559]
[551, 560]
[551, 561]
[551, 562]
[551, 565]
[551, 569]
[551, 570]
[551, 727]
[552, 554]
[553, 555]
[557, 565]
[557, 569]
[557, 570]
[557, 727]
[558, 559]
[558, 560]
[558, 561]
[558, 562]
[558, 565]
[558, 569]
[558, 570]
[558, 727]
[559, 560]
[559, 561]
[559, 562]
[559, 565]
[559, 569]
[559, 570]
[559, 727]
[560, 561]
[560, 562]
[560, 565]
[560, 569]
[560, 570]
[560, 727]
[561, 562]
[561, 565]
[561, 569]
[561, 570]
[561, 727]
[562, 565]
[562, 569]
[562, 570]
[562, 727]
[564, 565]
[564, 567]
[564, 569]
[564, 570]
[564, 727]
[565, 569]
[565, 570]
[565, 727]
[567, 569]
[567, 570]
[567, 727]
[568, 569]
[568, 570]
[568, 727]
[569, 570]
[569, 727]
[605, 609]
[605, 611]
[605, 612]
[605, 613]
[607, 608]
[607, 615]
[608, 615]
[609, 611]
[609, 612]
[609, 613]
[611, 612]
[611, 613]
[614, 615]
[617, 618]
[617, 619]
[617, 622]
[618, 619]
[618, 622]
[619, 622]
[628, 632]
[640, 642]
[641, 642]
[644, 647]
[644, 648]
[645, 647]
[645, 648]
[645, 649]
[645, 655]
[646, 647]
[646, 648]
[646, 649]
[646, 655]
[647, 649]
[647, 650]
[647, 651]
[647, 652]
[647, 653]
[647, 654]
[647, 655]
[647, 656]
[648, 649]
[648, 650]
[648, 651]
[648, 652]
[648, 653]
[648, 654]
[648, 655]
[648, 656]
[649, 655]
[650, 652]
[650, 655]
[651, 652]
[651, 655]
[652, 655]
[653, 654]
[653, 655]
[654, 655]
[657, 658]
[668, 669]
[670, 671]
[672, 673]
[679, 680]
[679, 681]
[680, 681]
[692, 718]
[731, 733]
[731, 734]
[731, 735]
[731, 738]
[731, 739]
[731, 740]
[731, 741]
[731, 742]
[731, 743]
[731, 744]
[731, 748]
[731, 749]
[731, 750]
[731, 751]
[731, 752]
[731, 753]
[733, 734]
[733, 735]
[733, 738]
[733, 739]
[733, 740]
[733, 741]
[733, 742]
[733, 743]
[733, 744]
[733, 748]
[733, 749]
[733, 750]
[733, 751]
[733, 752]
[733, 753]
[734, 735]
[734, 738]
[734, 739]
[734, 740]
[734, 741]
[734, 742]
[734, 743]
[734, 744]
[734, 748]
[734, 749]
[734, 750]
[734, 751]
[734, 752]
[734, 753]
[738, 739]
[738, 740]
[738, 741]
[738, 748]
[738, 749]
[738, 750]
[738, 751]
[738, 752]
[738, 753]
[739, 740]
[739, 741]
[739, 748]
[739, 749]
[739, 750]
[739, 751]
[739, 752]
[739, 753]
[740, 741]
[740, 748]
[740, 749]
[740, 750]
[740, 751]
[740, 752]
[740, 753]
[741, 748]
[741, 749]
[741, 750]
[741, 751]
[741, 752]
[741, 753]
[742, 743]
[742, 744]
[742, 746]
[742, 748]
[742, 749]
[742, 750]
[742, 751]
[742, 752]
[742, 753]
[743, 744]
[743, 746]
[743, 748]
[743, 749]
[743, 750]
[743, 751]
[743, 752]
[743, 753]
[744, 746]
[744, 748]
[744, 749]
[744, 750]
[744, 751]
[744, 752]
[744, 753]
[748, 749]
[748, 750]
[748, 751]
[748, 752]
[748, 753]
[749, 750]
[749, 751]
[749, 752]
[749, 753]
[750, 751]
[750, 752]
[750, 753]
[751, 752]
[751, 753]
[752, 753]
[755, 756]
[755, 758]
[755, 759]
[756, 765]
[756, 766]
[756, 767]
[756, 768]
[756, 769]
[756, 770]
[758, 759]
[761, 784]
[766, 767]
[766, 768]
[766, 769]
[766, 770]
[767, 768]
[767, 769]
[767, 770]
[768, 769]
[768, 770]
[769, 770]
[773, 777]
[773, 788]
[773, 791]
[777, 788]
[777, 791]
[778, 781]
[778, 784]
[778, 785]
[779, 781]
[779, 782]
[779, 783]
[779, 784]
[779, 785]
[782, 783]
[782, 784]
[782, 785]
[783, 784]
[783, 785]
[784, 785]
[786, 788]
[786, 790]
[786, 791]
[788, 791]
[790, 791]
[800, 801]
[800, 802]
[800, 829]
[800, 838]
[801, 802]
[801, 829]
[801, 838]
[802, 829]
[802, 838]
[804, 824]
[805, 825]
[812, 814]
[812, 816]
[814, 816]
[817, 819]
[817, 820]
[818, 819]
[821, 823]
[826, 827]
[829, 838]
[831, 832]
[831, 882]
[833, 967]
[834, 896]
[845, 847]
[845, 849]
[847, 849]
[849, 852]
[849, 853]
[849, 854]
[850, 851]
[852, 853]
[852, 854]
[852, 876]
[853, 854]
[853, 876]
[854, 876]
[858, 860]
[858, 861]
[858, 996]
[860, 861]
[860, 996]
[861, 996]
[863, 876]
[864, 865]
[864, 866]
[864, 869]
[864, 870]
[865, 866]
[865, 869]
[865, 870]
[866, 869]
[866, 870]
[869, 870]
[871, 872]
[871, 873]
[872, 873]
[878, 880]
[878, 881]
[878, 882]
[878, 883]
[878, 885]
[880, 885]
[881, 882]
[881, 883]
[881, 885]
[887, 888]
[889, 890]
[889, 891]
[889, 893]
[891, 893]
[893, 894]
[897, 899]
[897, 900]
[897, 901]
[897, 904]
[900, 901]
[900, 904]
[905, 906]
[905, 907]
[905, 908]
[906, 907]
[906, 908]
[907, 908]
[909, 911]
[909, 912]
[909, 913]
[912, 913]
[913, 918]
[921, 923]
[921, 925]
[923, 925]
[926, 927]
[926, 928]
[926, 930]
[927, 963]
[928, 930]
[930, 951]
[931, 932]
[931, 933]
[931, 934]
[932, 933]
[932, 934]
[933, 934]
[935, 937]
[935, 939]
[937, 939]
[941, 943]
[941, 983]
[941, 990]
[942, 983]
[942, 990]
[943, 983]
[943, 990]
[945, 946]
[953, 1029]
[953, 1030]
[953, 1032]
[953, 1034]
[953, 1035]
[957, 968]
[957, 969]
[957, 970]
[957, 978]
[957, 979]
[958, 968]
[958, 969]
[958, 970]
[958, 978]
[958, 979]
[968, 969]
[968, 970]
[968, 978]
[968, 979]
[969, 970]
[969, 978]
[969, 979]
[970, 979]
[972, 979]
[973, 979]
[975, 976]
[975, 978]
[975, 979]
[976, 978]
[976, 979]
[978, 979]
[981, 982]
[981, 983]
[981, 984]
[981, 985]
[981, 987]
[981, 989]
[982, 983]
[982, 984]
[982, 985]
[982, 987]
[982, 989]
[984, 985]
[984, 987]
[984, 989]
[985, 987]
[985, 989]
[987, 989]
[997, 998]
[999, 1000]
[1003, 1004]
[1005, 1007]
[1005, 1008]
[1007, 1008]
[1013, 1014]
[1013, 1015]
[1013, 1016]
[1014, 1015]
[1014, 1016]
[1015, 1016]
[1017, 1018]
[1017, 1020]
[1017, 1021]
[1017, 1027]
[1017, 1028]
[1018, 1023]
[1018, 1024]
[1018, 1025]
[1018, 1026]
[1018, 1027]
[1018, 1028]
[1020, 1021]
[1020, 1027]
[1020, 1028]
[1023, 1024]
[1023, 1025]
[1023, 1026]
[1023, 1027]
[1023, 1028]
[1024, 1025]
[1024, 1026]
[1024, 1027]
[1024, 1028]
[1025, 1026]
[1025, 1027]
[1025, 1028]
[1026, 1027]
[1026, 1028]
[1027, 1028]
[1029, 1030]
[1029, 1032]
[1029, 1034]
[1029, 1035]
[1030, 1032]
[1030, 1033]
[1030, 1034]
[1030, 1035]
[1032, 1033]
[1032, 1034]
[1032, 1035]
[1034, 1035]
[1036, 1046]
[1037, 1064]
[1048, 1052]
[1053, 1054]
[1053, 1057]
[1053, 1060]
[1054, 1057]
[1054, 1060]
[1055, 1057]
[1055, 1058]
[1055, 1059]
[1055, 1060]
[1057, 1060]
[1058, 1059]
[1058, 1060]
[1059, 1060]
[1061, 1062]
[1065, 1066]
[1065, 1068]
[1065, 1069]
[1066, 1068]
[1066, 1069]
[1068, 1069]
[1071, 1072]
[1071, 1073]
[1071, 1075]
[1072, 1078]
[1072, 1080]
[1072, 1081]
[1073, 1075]
[1075, 1076]
[1075, 1077]
[1076, 1077]
[1078, 1079]
